,n,t,dt,w,dw
2,3,3.582183599472046,,,0.0
4,5,4.2173991203308105,0.6352155208587646,9.891422833442705,0.0
6,7,4.735945224761963,0.5185461044311523,12.116927026329263,2.2255041928865573
8,9,5.186847686767578,0.45090246200561523,13.934688400750714,1.8177613744214511
10,11,5.591952800750732,0.4051051139831543,15.51001231606487,1.575323915314156
12,13,5.96297550201416,0.37102270126342773,16.9347732248828,1.4247609088179303
14,15,6.308092832565308,0.34511733055114746,18.20593969345274,1.271166468569941
16,17,6.632417678833008,0.3243248462677002,19.373123519477126,1.1671838260243845
18,19,6.93928337097168,0.3068656921386719,20.475359312373797,1.1022357928966713
20,21,7.23120903968811,0.29192566871643066,21.52323683904246,1.047877526668664
22,23,7.510366439819336,0.2791574001312256,22.50767955363534,0.9844427145928805
24,25,7.778260231018066,0.26789379119873047,23.4540161571664,0.9463366035310585
26,27,8.036555767059326,0.25829553604125977,24.325566765412155,0.8715506082457551
28,29,8.286012411117554,0.24945664405822754,25.187484305741645,0.8619175403294896
30,31,8.527345180511475,0.2413327693939209,26.035359072698967,0.8478747669573217
32,33,8.761604070663452,0.23425889015197754,26.82154475803806,0.7861856853390918
34,35,8.989461183547974,0.22785711288452148,27.575111558461284,0.7535668004232257
36,37,9.21125340461731,0.22179222106933594,28.32915093634126,0.7540393778799768
38,39,9.42750644683838,0.2162530422210711,29.0547834270762,0.7256324907349381
40,41,9.638744354248049,0.21123790740966797,29.74459169865842,0.6898082715822227
42,43,9.84523868560791,0.2064943313598615,30.427882769477883,0.683291070819461
44,45,10.047452926635742,0.20221424102783203,31.07192290336659,0.6440401338887085
46,47,10.245649576187134,0.1981966495513916,31.70177357387861,0.6298506705120204
48,49,10.439977645874023,0.19432806968688965,32.33287562266915,0.6311020487905381
50,51,10.630762577056885,0.19078493118286133,32.93334158114066,0.60046595847151
52,53,10.81820797920227,0.18744540214538574,33.520082302718976,0.586740721578316
54,55,11.002523422241213,0.1843154430389422,34.08930474616863,0.5692224434496538
56,57,11.183897018432615,0.1813735961914027,34.64222708882593,0.552922342657304
58,59,11.362494945526125,0.1785979270935094,35.18061720777906,0.5383901189531244
60,61,11.538460731506348,0.17596578598022283,35.70685785409311,0.5262406463140508
62,63,11.71190857887268,0.173447847366333,36.225213530088354,0.5183556759952452
64,65,11.882999420166016,0.17109084129333496,36.72426448828477,0.4990509581964133
66,67,12.0518057346344,0.1688063144683838,37.2212693995898,0.49700491130503366
68,69,12.218521356582642,0.1667156219482422,37.68804167092534,0.466772271335536
70,71,12.383237838745115,0.1647164821624738,38.14545590514705,0.4574142342217158
72,73,12.546052932739258,0.1628150939941424,38.5909263879775,0.4454704828304443
74,75,12.70696759223938,0.16091465950012207,39.046692990546454,0.45576660256895707
76,77,12.866160869598389,0.1591932773590088,39.46891107097381,0.4222180804273563
78,79,13.0236554145813,0.15749454498291193,39.894621796972764,0.4257107259989539
80,81,13.179569721221924,0.15591430664062322,40.29896577523254,0.4043439782597744
82,83,13.333986282348633,0.15441656112670898,40.689840916893736,0.39087514166119774
84,85,13.48699712753296,0.15301084518432795,41.063659896855064,0.37381897996132807
86,87,13.638633012771606,0.15163588523864568,41.43600505441744,0.3723451575623784
88,89,13.788955688476562,0.15032267570495605,41.797987414166506,0.3619823597490637
90,91,13.938029289245604,0.1490736007690412,42.148209171616415,0.35022175744990847
92,93,14.086254596710203,0.1482253074645996,42.389423335689074,0.24121416407265883
94,95,14.235299825668337,0.14904522895813344,42.15623238060524,-0.2331909550838347
96,97,14.385314702987673,0.15001487731933594,41.883747928577776,-0.27248445202746296
98,99,14.536423206329346,0.15110850334167303,41.580620337246074,-0.30312759133170175
100,101,14.688610553741457,0.15218734741211115,41.285858607977595,-0.29476172926847966
102,103,14.841914892196655,0.15330433845519842,40.98504563206332,-0.30081297591427614
104,105,14.99633812904358,0.1544232368469256,40.6880818940992,-0.2969637379641199
106,107,15.151923656463625,0.15558552742004395,40.384124483612666,-0.30395741048653235
108,109,15.308704614639282,0.1567809581756574,40.07620172942115,-0.30792275419151593
110,111,15.466644763946531,0.1579401493072492,39.78206513504415,-0.2941365943770009
112,113,15.625811100006104,0.1591663360595721,39.475591778577744,-0.3064733564664053
114,115,15.78614592552185,0.16033482551574707,39.18790123710517,-0.2876905414725712
116,117,15.947721004486084,0.1615750789642334,38.887094145072,-0.3008070920331747
118,119,16.110479593276978,0.16275858879089355,38.60432407196648,-0.2827700731055174
120,121,16.274412870407104,0.16393327713012695,38.32769903204046,-0.2766250399260244
122,123,16.439385414123535,0.16497254371643066,38.086248569820675,-0.24145046221978106
124,125,16.605618476867676,0.16623306274414062,37.797446569641906,-0.28880200017876945
126,127,16.77299976348877,0.16738128662109375,37.538158739351964,-0.2592878302899422
128,129,16.941558361053467,0.16855859756469727,37.2759704812324,-0.2621882581195649
130,131,17.111377716064453,0.16981935501098633,36.99922960355786,-0.27674087767454125
132,133,17.282533168792725,0.17115545272827148,36.71040102447013,-0.28882857908772763
134,135,17.454782724380493,0.17224955558776855,36.47722216605681,-0.23317885841331787
136,137,17.62838339805603,0.1736006736755371,36.193323298520006,-0.2838988675368057
138,139,17.803226947784424,0.17484354972839355,35.936042919170006,-0.25728037935000003
140,141,17.97932505607605,0.17609810829162598,35.68002727646775,-0.25601564270225907
142,143,18.15665292739868,0.17732787132263184,35.43258744559058,-0.2474398308771697
144,145,18.33525037765503,0.17859745025634766,35.18071113647532,-0.2518763091152607
146,147,18.51508116722107,0.17983078956604004,34.93943012952287,-0.24128100695244825
148,149,18.69621682167053,0.18113565444945934,34.68773349055212,-0.2516966389707491
150,151,18.878637075424194,0.18242025375366566,34.443463255259985,-0.24427023529213443
152,153,19.062466859817505,0.18382978439331055,34.17936504639793,-0.2640982088620518
154,155,19.247461080551147,0.18499422073364258,33.96422484044088,-0.21514020595705574
156,157,19.43390893936157,0.18644785881042125,33.69942324501715,-0.2648015954237266
158,159,19.621700286865234,0.18779134750366566,33.45833229647037,-0.24109094854678403
160,161,19.810904264450077,0.18920397758484242,33.20852651928047,-0.2498057771898985
162,163,20.00154447555542,0.19064021110534313,32.95834216060352,-0.25018435867694677
164,165,20.19367337226868,0.1921288967132604,32.702968760377686,-0.2553734002258352
166,167,20.387240409851078,0.19356703758239746,32.45999621451542,-0.24297254586226558
168,169,20.582338094711304,0.19509768486022594,32.205329918092346,-0.2546662964230748
170,171,20.778913497924805,0.19657540321350098,31.963232451597236,-0.24209746649511033
172,173,20.97706627845764,0.19815278053283691,31.70879202544608,-0.2544404261511559
174,175,21.176855087280277,0.1997888088226354,31.449135435596645,-0.25965658984943474
176,177,21.378204107284542,0.20134902000426536,31.205442703652018,-0.24369273194462693
178,179,21.58124947547913,0.20304536819458718,30.94473596244824,-0.26070674120377646
180,181,21.78603839874268,0.2047889232635498,30.681275173723837,-0.26346078872440515
182,183,21.992550134658813,0.20651173591613414,30.42531834477064,-0.25595682895319527
184,185,22.2008798122406,0.2083296775817871,30.1598187071206,-0.26549963765004136
186,187,22.410956621170044,0.21007680892944336,29.90899061728353,-0.2508280898370714
188,189,22.62293839454651,0.21198177337646484,29.64021485008094,-0.26877576720258745
190,191,22.83680939674377,0.21387100219726207,29.378388106043214,-0.26182674403772666
192,193,23.05267214775085,0.21586275100708008,29.10731600457322,-0.2710721014699935
194,195,23.27047371864319,0.21780157089233754,28.8482093193233,-0.25910668524992175
196,197,23.490349054336548,0.21987533569335938,28.576126045998116,-0.27208327332518323
198,199,23.71228647232056,0.22193741798401234,28.310617309390373,-0.26550873660774243
200,201,23.93637990951538,0.22409343719482067,28.03823880713275,-0.2723785022576237
202,203,24.162665605545044,0.22628569602966309,27.766603976399566,-0.2716348307331842
204,205,24.39121103286743,0.2285454273223877,27.492063091319185,-0.27454088508038055
206,207,24.62201762199402,0.23080658912658691,27.222729346489952,-0.26933374482923256
208,209,24.855197429656982,0.23317980766296387,26.945666394327116,-0.2770629521628365
210,211,25.09081268310547,0.23561525344848633,26.66714151659671,-0.2785248777304048
212,213,25.328941106796265,0.2381284236907959,26.385700664353084,-0.2814408522436267
214,215,25.56958532333374,0.24064421653747559,26.109853781593394,-0.2758468827596907
216,217,25.812854528427124,0.2432692050933838,25.828116241707036,-0.2817375398863575
218,219,26.058790683746334,0.24593615531921031,25.548034200276042,-0.2800820414309939
220,221,26.307523727416992,0.24873304367065785,25.260758339366518,-0.2872758609095243
222,223,26.55908966064453,0.25156593322753906,24.976296379114668,-0.2844619602518499
224,225,26.813575744628903,0.25448608398437145,24.689700940839856,-0.28659543827481215
226,227,27.07108449935913,0.25750875473022816,24.399890068832764,-0.28981087200709155
228,229,27.33169198036194,0.2606074810028076,24.10976570205172,-0.29012436678104336
230,231,27.595572233200077,0.2638802528381383,23.810744607076124,-0.2990210949755969
232,233,27.862679481506348,0.26710724830627086,23.523080511746922,-0.2876640953292018
234,235,28.13317847251892,0.27049899101257324,23.228128443878497,-0.29495206786842587
236,237,28.4072322845459,0.27405381202697754,22.926830539985616,-0.30129790389288047
238,239,28.684860944747925,0.27762866020202637,22.631616284166782,-0.2952142558188342
240,241,28.96619820594788,0.2813372611999547,22.333285254788702,-0.29833102937807965
242,243,29.251408338546756,0.28521013259887695,22.030021338745126,-0.3032639160435764
244,245,29.54062843322754,0.2892200946807826,21.724580769930427,-0.3054405688146993
246,247,29.833940505981445,0.29331207275390625,21.421502525234562,-0.30307824469586464
248,249,30.131504774093628,0.2975642681121826,21.11538911254898,-0.30611341268558334
250,251,30.433475971221924,0.3019711971282959,20.807233825384028,-0.30815528716495066
252,253,30.739972352981567,0.30649638175964355,20.500030933829752,-0.30720289155427594
254,255,31.05130362510681,0.31133127212524414,20.181671003650255,-0.31835993017949704
256,257,31.367615222930908,0.3163115978240967,19.863910619786108,-0.3177603838641474
258,259,31.6889967918396,0.3213815689086914,19.55054649996036,-0.31336411982574575
260,261,32.015727281570435,0.32673048973083496,19.230483547329055,-0.32006295263130724
262,263,32.348063468933105,0.3323361873626709,18.906112382889226,-0.32437116443982816
264,265,32.68619632720947,0.3381328582763672,18.582001581295984,-0.32411080159324257
266,267,33.03048491477966,0.34428858757019043,18.249763524033824,-0.3322380572621597
268,269,33.38127160072327,0.3507866859436035,17.91169835958296,-0.3380651644508639
270,271,33.738823652267456,0.35755205154418945,17.572784941503976,-0.33891341807898456
272,273,34.10351872444153,0.36469507217407227,17.22859941518641,-0.3441855263175668
274,275,34.475767850875854,0.37224912643432617,16.878979320554816,-0.34962009463159305
276,277,34.85597491264343,0.3802070617675781,16.52569333659699,-0.35328598395782507
278,279,35.24454879760742,0.38857388496398926,16.169859968231975,-0.35583336836501545
280,281,35.641884565353394,0.3973357677459717,15.813288954133647,-0.3565710140983285
282,283,36.0485417842865,0.40665721893310547,15.450814628752875,-0.36247432538077184
284,285,36.46515607833862,0.416614294052124,15.08154040051606,-0.3692742282368151
286,287,36.89242076873779,0.4272646903991699,14.70560392273359,-0.37593647778246897
288,289,37.33100557327271,0.4385848045349192,14.326044227278585,-0.379559695455006
290,291,37.78174138069153,0.45073580741881614,13.939840597890099,-0.3862036293884863
292,293,38.24554300308228,0.4638016223907542,13.547139561072912,-0.3927010368171864
294,295,38.72340083122253,0.4778578281402446,13.14864994810875,-0.39848961296416263
296,297,39.216402769088745,0.49300193786621804,12.744747686741555,-0.403902261367195
298,299,39.72567129135132,0.5092685222625732,12.337666736724099,-0.4070809500174555
300,301,40.25285983085632,0.5271885395050049,11.918288878356652,-0.41937785836744723
302,303,40.79981470108032,0.546954870223999,11.48757539101239,-0.43071348734426174
304,305,41.36842131614685,0.5686066150665283,11.050144582726036,-0.4374308082863543
306,307,41.96098232269287,0.5925610065460205,10.603440384651114,-0.44670419807492223
308,309,42.58008337020874,0.6191010475158691,10.148884955680085,-0.4545554289710285
310,311,43.22909259796143,0.6490092277526927,9.681195641757219,-0.4676893139228664
312,313,43.91216206550598,0.6830694675445486,9.198457266383098,-0.48273837537412057
314,315,44.63429570198059,0.7221336364746094,8.700862264017397,-0.497595002365701
316,317,45.402437686920166,0.7681419849395752,8.17971863323399,-0.5211436307834063
318,319,46.22465252876282,0.8222148418426514,7.641780453753971,-0.5379381794800198
320,321,47.11215877532959,0.8875062465667725,7.079595587620311,-0.5621848661336601
322,323,48.07962203025818,0.9674632549285889,6.494495036551404,-0.5851005510689067
324,325,49.149479150772095,1.069857120513916,5.872920025209907,-0.6215750113414975
326,327,50.3559684753418,1.2064893245697021,5.207825033528997,-0.6650949916809097
328,329,51.75653529167175,1.400566816329956,4.486173193538912,-0.7216518399900851
330,331,53.46761870384216,1.7110834121704102,3.6720508553172926,-0.8141223382216194
332,333,55.808584690094,2.340965986251838,2.684013925909152,-0.9880369294081404
334,335,61.31180000305176,5.503215312957757,1.1417298706058854,-1.5422840553032668
