,n,t,dt,w,dw
2,3,5.980499267578125,,,0.0
4,5,7.530956506729126,1.550457239151001,4.052472489096269,0.0
6,7,8.801015853881836,1.27005934715271,4.947158824716012,0.8946863356197428
8,9,9.910918951034546,1.10990309715271,5.661021510164407,0.7138626854483947
10,11,10.916042804718018,1.0051238536834717,6.251155302059177,0.59013379189477
12,13,11.843518257141112,0.9274754524230939,6.774503077967539,0.5233477759083627
14,15,12.713298320770264,0.8697800636291522,7.223878276725535,0.4493751987579957
16,17,13.53587532043457,0.8225769996643066,7.638415989924046,0.41453771319851107
18,19,14.318874597549438,0.7829992771148682,8.024509716447447,0.38609372652340124
20,21,15.0685293674469,0.7496547698974609,8.381438442710117,0.35692872626266947
22,23,15.789302349090576,0.7207729816436768,8.717287505493315,0.3358490627831987
24,25,16.484375,0.6950726509094238,9.039609455153716,0.3223219496604006
26,27,17.15752077102661,0.6731457710266113,9.334063404420013,0.29445394926629653
28,29,17.81164002418518,0.6541192531585693,9.60556546354467,0.2715020591246571
30,31,18.448671102523804,0.637031078338623,9.863231984797558,0.25766652125288836
32,33,19.069800853729248,0.6211297512054443,10.115737162783828,0.25250517798627037
34,35,19.67683458328247,0.6070337295532227,10.35063621885396,0.23489905607013206
36,37,20.27102303504944,0.5941884517669678,10.574398220791679,0.22376200193771822
38,39,20.854779958724976,0.5837569236755371,10.763358946765823,0.1889607259741446
40,41,21.4243323802948,0.5695524215698242,11.031794562231179,0.2684356154653553
42,43,21.98513150215149,0.5607991218566895,11.203985638168021,0.17219107593684235
44,45,22.536145210266117,0.5510137081146276,11.40295643220639,0.19897079403836848
46,47,23.078166723251343,0.5420215129852259,11.592132704428005,0.1891762722216157
48,49,23.61164212226868,0.5334753990173375,11.777835151823725,0.18570244739571962
50,51,24.136977434158325,0.5253353118896449,11.960333076752073,0.1824979249283487
52,53,24.65504813194275,0.5180706977844238,12.12804610268482,0.16771302593274662
54,55,25.16641902923584,0.5113708972930908,12.286943469875244,0.15889736719042347
56,57,25.671372175216675,0.504953145980835,12.443105577597606,0.15616210772236272
58,59,26.170674562454224,0.49930238723754883,12.583928031952887,0.1408224543552805
60,61,26.664433240890503,0.4937586784362793,12.725214931063629,0.14128689911074233
62,63,27.152831315994263,0.48839807510375977,12.864885484744649,0.13967055368101988
64,65,27.636051654815677,0.4832203388214147,13.002733540778555,0.13784805603390637
66,67,28.1141996383667,0.47814798355102184,13.140670928938729,0.1379373881601733
68,69,28.587708473205566,0.4735088348388672,13.2694151510768,0.1287442221380708
70,71,29.056666135787964,0.46895766258239746,13.398193074786594,0.12877792370979435
72,73,29.52103567123413,0.464369535446167,13.530571726981814,0.13237865219521971
74,75,29.98127031326294,0.4602346420288086,13.65213465783892,0.12156293085710601
76,77,30.4372980594635,0.4560277462005615,13.778076793634908,0.125942135795988
78,79,30.889440059661865,0.45214200019836426,13.896486732979948,0.11840993934504063
80,81,31.337633848190308,0.4481937885284424,14.018903135202319,0.12241640222237038
82,83,31.78213906288147,0.4445052146911621,14.135234187398863,0.1163310521965446
84,85,32.22309160232544,0.4409525394439697,14.249119225172233,0.11388503777337
86,87,32.660643339157104,0.43755173683166504,14.359868281352187,0.11074905617995334
88,89,33.09488844871521,0.43424510955810547,14.469213743301456,0.10934546194926931
90,91,33.53055763244629,0.4356691837310791,14.421918147550095,-0.04729559575136122
92,93,33.97752261161804,0.44696497917175293,14.057444318842661,-0.3644738287074336
94,95,34.43731737136841,0.4597947597503662,13.665195555057828,-0.3922487637848331
96,97,34.9109091758728,0.47359180450439453,13.267090450931322,-0.3981051041265058
98,99,35.39931511878967,0.4884059429168701,12.864678242150353,-0.4024122087809694
100,101,35.90396046638489,0.5046453475952148,12.450695002184867,-0.4139832399654857
102,103,36.4261953830719,0.5222349166870117,12.031338974879871,-0.4193560273049961
104,105,36.96751260757446,0.5413172245025635,11.607214813741496,-0.4241241611383746
106,107,37.52977132797241,0.5622587203979492,11.174900591550706,-0.4323142221907901
108,109,38.11523628234863,0.5854649543762207,10.731958010832535,-0.44294258071817083
110,111,38.726436376571655,0.6112000942230225,10.280079087957237,-0.4518789228752986
112,113,39.36667513847351,0.6402387619018555,9.813815846630602,-0.46626324132663477
114,115,40.039464473724365,0.6727893352508545,9.33900848002719,-0.4748073666034127
116,117,40.75033736228943,0.7108728885650635,8.838690303497923,-0.5003181765292659
118,119,41.50480008125305,0.754462718963623,8.328026222171138,-0.5106640813267855
120,121,42.31014132499695,0.8053412437438965,7.80189187625622,-0.5261343459149179
122,123,43.17649555206299,0.86635422706604,7.252443759012945,-0.5494481172432746
124,125,44.11696481704712,0.9404692649841309,6.680904460270274,-0.5715392987426711
126,127,45.151954650878906,1.034989833831787,6.070770071158755,-0.6101343891115194
128,129,46.31144380569458,1.1594891548156738,5.418925464790946,-0.6518446063678089
130,131,47.64392399787903,1.3324801921844482,4.715406160656712,-0.7035193041342342
132,133,49.24619650840759,1.6022725105285645,3.9214211477090513,-0.7939850129476604
134,135,51.33997964859009,2.093783140182495,3.0008768274979714,-0.9205443202110799
136,137,54.94958162307739,3.6096019744873047,1.740686466704415,-1.2601903607935563
