,n,t,dt,w,dw
2,3,3.913023233413696,,,0.0
4,5,4.923776626586914,1.0107533931732182,6.2163385743913135,0.0
6,7,5.7245073318481445,0.8007307052612305,7.846814498177336,1.6304759237860225
8,9,6.412948131561279,0.6884407997131348,9.12668933886213,1.2798748406847942
10,11,7.028081178665161,0.6151330471038818,10.214351735387256,1.0876623965251255
12,13,7.591775417327881,0.5636942386627197,11.146442301921523,0.9320905665342671
14,15,8.115819692611694,0.5240442752838135,11.989798579092806,0.8433562771712833
16,17,8.607638835906982,0.4918191432952881,12.77539801537811,0.7855994362853043
18,19,9.073468446731567,0.46582961082458496,13.488162111587219,0.7127640962091082
20,21,9.517989158630373,0.4445207118988055,14.1347413944796,0.6465792828923806
22,23,9.94347596168518,0.4254868030548078,14.76705096860604,0.63230957412644
24,25,10.352742433547974,0.40926647186279297,15.352308921327987,0.5852579527219479
26,27,10.74738097190857,0.3946385383605957,15.921367774371822,0.5690588530438347
28,29,11.12966012954712,0.3822791576385498,16.436117903975358,0.5147501296035362
30,31,11.500611782073976,0.37095165252685725,16.93801675873294,0.5018988547575809
32,33,11.861347675323486,0.36073589324950994,17.417688188942428,0.4796714302094891
34,35,12.212639093399048,0.3512914180755615,17.885963003594057,0.4682748146516289
36,37,12.554924964904783,0.34228587150573553,18.35654296667136,0.4705799630773022
38,39,12.889198541641235,0.33427357673645197,18.79653596471185,0.4399929980404913
40,41,13.216030836105348,0.3268322944641131,19.224493459196683,0.4279574944848328
42,43,13.536163806915283,0.32013297080993475,19.62679848715101,0.402305027954327
44,45,13.85001277923584,0.31384897232055664,20.019773398404233,0.3929749112532228
46,47,14.157934427261353,0.3079216480255127,20.405143150763458,0.38536975235922455
48,49,14.460180759429932,0.3022463321685791,20.788292986381435,0.3831498356179779
50,51,14.756970167160034,0.29678940773010254,21.17051735516604,0.3822243687846054
52,53,15.048833847045898,0.29186367988586426,21.527808152205434,0.3572907970393935
54,55,15.33609700202942,0.2872631549835223,21.87257641008641,0.3447682578809754
56,57,15.618883609771729,0.2827866077423078,22.218822020402055,0.3462456103156448
58,59,15.897691249847412,0.2788076400756836,22.53591510431345,0.317093083911395
60,61,16.17264676094055,0.27495551109313965,22.85164346115322,0.3157283568397702
62,63,16.44392442703247,0.27127766609191895,23.161454452540923,0.3098109913877032
64,65,16.71164870262146,0.26772427558898926,23.468866591782444,0.3074121392415208
66,67,16.97603678703308,0.2643880844116211,23.765009384452465,0.29614279267002175
68,69,17.237162828445435,0.2611260414123535,24.061887022817395,0.2968776383649292
70,71,17.49523115158081,0.258068323135376,24.34698389497261,0.28509687215521495
72,73,17.75023055076599,0.25499939918518066,24.64000043630195,0.2930165413293402
74,75,18.002350568771362,0.2521200180053711,24.921405911710394,0.2814054754084445
76,77,18.2516565322876,0.2493059635162389,25.202707623038155,0.2813017113277603
78,79,18.498204708099365,0.24654817581176403,25.484614868847,0.28190724580884563
80,81,18.742164850234985,0.24396014213562012,25.75496657846139,0.27035170961438837
82,83,18.98361849784851,0.2414536476135254,26.022325068522278,0.2673584900608894
84,85,19.22268939018249,0.23907089233398082,26.281682583097602,0.2593575145753242
86,87,19.459453582763672,0.2367641925811803,26.53773460708272,0.2560520239851165
88,89,19.69553017616272,0.23607659339904785,26.615028693500825,0.07729408641810664
90,91,19.933875560760494,0.23834538459777477,26.361682303112016,-0.2533463903888098
92,93,20.174867868423465,0.24099230766297097,26.072140509840068,-0.2895417932719475
94,95,20.41851305961609,0.2436451911926234,25.788259051713293,-0.2838814581267748
96,97,20.664950609207157,0.246437549591068,25.496054954310896,-0.29220409740239717
98,99,20.91426944732666,0.24931883811950328,25.201406177610757,-0.29464877670013934
100,101,21.166471242904663,0.25220179557800293,24.91332503315296,-0.2880811444577951
102,103,21.421671628952023,0.25520038604735973,24.6205948372412,-0.2927301959117621
104,105,21.679956436157227,0.25828480720520375,24.326577219804033,-0.2940176174371665
106,107,21.94140863418579,0.26145219802856445,24.031870278991224,-0.2947069408128087
108,109,22.20614218711853,0.26473355293273926,23.733996834076986,-0.29787344491423795
110,111,22.47421622276306,0.26807403564453125,23.438246423503507,-0.29575041057347917
112,113,22.745808601379395,0.271592378616333,23.134615703099588,-0.3036307204039197
114,115,23.02104496955872,0.27523636817932484,22.828325154639085,-0.3062905484605025
116,117,23.30001544952393,0.27897047996520996,22.522760501265775,-0.3055646533733096
118,119,23.582809925079346,0.28279447555541637,22.218203855783365,-0.30455664548241046
120,121,23.869529962539676,0.2867200374603307,21.914008392416243,-0.30419546336712244
122,123,24.160388946533203,0.2908589839935267,21.602170305729402,-0.31183808668684065
124,125,24.45551586151123,0.29512691497802734,21.289773952495587,-0.3123963532338152
126,127,24.75503826141357,0.2995223999023402,20.97734696713244,-0.31242698536314606
128,129,25.05926322937012,0.3042249679565501,20.653088894652992,-0.3242580724794486
130,131,25.368136167526245,0.3088729381561244,20.34229785454256,-0.31079104011043057
132,133,25.682063817977905,0.31392765045166016,20.014755941822003,-0.32754191272055877
134,135,26.00115656852722,0.3190927505493164,19.690780490509788,-0.32397545131221506
136,137,26.325753211975098,0.324596643447876,19.356901662442933,-0.33387882806685454
138,139,26.65593671798706,0.3301835060119629,19.029373644581568,-0.3275280178613649
140,141,26.99215316772461,0.33621644973754883,18.687917596192133,-0.34145604838943555
142,143,27.334534406661987,0.34238123893737793,18.35142990509708,-0.3364876910950514
144,145,27.683457851409912,0.3489234447479248,18.007346315518557,-0.34408358957852414
146,147,28.03921914100647,0.3557612895965576,17.66123940663943,-0.34610690887912554
148,149,28.40206813812256,0.36284899711608887,17.316253750508128,-0.3449856561313034
150,151,28.77248954772949,0.37042140960693004,16.96226282883309,-0.3539909216750381
152,153,29.15089225769043,0.37840270996094105,16.604493418739363,-0.3577694100937272
154,155,29.537665843963623,0.38677358627319336,16.245125133083743,-0.35936828565561996
156,157,29.933342456817627,0.3956766128540039,15.87959738600458,-0.36552774707916313
158,159,30.3383526802063,0.4050102233886719,15.513646185542996,-0.36595120046158414
160,161,30.75336480140686,0.4150121212005615,15.139763361617893,-0.3738828239251024
162,163,31.17905306816101,0.4256882667541504,14.76006222837319,-0.3797011332447031
164,165,31.61596894264221,0.4369158744811976,14.380766811552366,-0.379295416820824
166,167,32.0648775100708,0.4489085674285924,13.996581404472856,-0.3841854070795101
168,169,32.526572704315186,0.46169519424438477,13.608946736954266,-0.38763466751859
170,171,33.00225067138672,0.4756779670715332,13.208905482550364,-0.40004125440390226
172,173,33.493048667907715,0.4907979965209961,12.801978312294914,-0.4069271702554502
174,175,34.00001406669617,0.5069653987884521,12.393716261889207,-0.40826205040570684
176,177,34.52484846115112,0.524834394454956,11.971748371607228,-0.42196789028197834
178,179,35.06915283203125,0.544304370880127,11.543514333753793,-0.4282340378534357
180,181,35.63461899757385,0.5654661655426025,11.111514163098423,-0.43200017065536933
182,183,36.223670959472656,0.5890519618988037,10.666606197059076,-0.4449079660393469
184,185,36.83847379684448,0.6148028373718262,10.219837849218615,-0.44676834784046093
186,187,37.482872009277344,0.6443982124328613,9.75046979639817,-0.469368052820446
188,189,38.16107273101807,0.6782007217407298,9.264492215597484,-0.48597758080068587
190,191,38.87750792503357,0.7164351940154958,8.770067913558817,-0.4944243020386665
192,193,39.63927245140076,0.7617645263671875,8.248198872089445,-0.5218690414693725
194,195,40.4539258480072,0.8146533966064453,7.71270988785303,-0.535488984236415
196,197,41.331854581832886,0.8779287338256836,7.1568284133950435,-0.5558814744579861
198,199,42.28792214393616,0.9560675621032715,6.571905120760593,-0.5849232926344508
200,201,43.34269452095032,1.0547723770141602,5.956911125190791,-0.6149939955698018
202,203,44.52963352203369,1.186939001083374,5.2936042218215364,-0.6633069033692545
204,205,45.90429592132568,1.374662399291985,4.570711551007519,-0.7228926708140175
206,207,47.56976246833801,1.6654665470123362,3.7726277471324354,-0.7980838038750835
208,209,49.80166172981262,2.2318992614746094,2.815174240000556,-0.9574535071318793
210,211,54.10397005081177,4.3023083209991455,1.460421903402872,-1.3547523365976841
