,n,t,dt,w,dw
2,3,3.227820634841919,,,0.0
4,5,3.85477352142334,0.6269528865814209,10.021782244978313,0.0
6,7,4.370044708251953,0.5152711868286133,12.193938779793378,2.1721565348150644
8,9,4.818549156188965,0.4485044479370117,14.00919285434155,1.8152540745481716
10,11,5.222417593002319,0.4038684368133545,15.557505203317794,1.5483123489762445
12,13,5.593055248260498,0.3706376552581787,16.952366328787736,1.3948611254699426
14,15,5.93772292137146,0.3446676731109619,18.229691373338586,1.2773250445508495
16,17,6.261280536651611,0.32355761528015137,19.41906173878587,1.1893703654472851
18,19,6.566986560821533,0.3057060241699219,20.55303072368367,1.1339689848977983
20,21,6.857815265655518,0.2908287048339844,21.604419380701287,1.0513886570176183
22,23,7.135942220687866,0.27812695503234863,22.591069270681785,0.9866498899804981
24,25,7.402915954589844,0.26697373390197754,23.53484447832059,0.9437752076388044
26,27,7.659948825836182,0.2570328712463379,24.445065242872538,0.9102207645519478
28,29,7.908328533172607,0.24837970733642578,25.296693415735152,0.8516281728626147
30,31,8.148874998092651,0.24054646492004395,26.120464124334877,0.8237707085997243
32,33,8.382353067398071,0.23347806930541992,26.911244066184032,0.7907799418491557
34,35,8.609403848648071,0.22705078125,27.673039804524286,0.761795738340254
36,37,8.830429077148438,0.2210252285003662,28.427457579437252,0.7544177749129659
38,39,9.04602599143982,0.21559691429138184,29.14320609750372,0.7157485180664693
40,41,9.256475448608398,0.2104494571685791,29.85603000223699,0.7128239047332698
42,43,9.462220907211304,0.20574545860290527,30.538634241771124,0.6826042395341325
44,45,9.66360592842102,0.2013850212097168,31.199864167834264,0.6612299260631396
46,47,9.860917329788208,0.1973114013671875,31.8440052812096,0.644141113375337
48,49,10.054380178451538,0.19346284866333008,32.47747746190679,0.6334721806971864
50,51,10.244274377822876,0.1898941993713379,33.087821155046576,0.6103436931397894
52,53,10.430805444717407,0.18653106689453125,33.68439055105087,0.5965693960042913
54,55,10.614153146743774,0.1833477020263672,34.26923401677542,0.5848434657245534
56,57,10.79459810256958,0.18044495582580566,34.820509547771024,0.5512755309956034
58,59,10.972145557403564,0.17754745483398438,35.38876585448479,0.5682563067137636
60,61,11.146941661834717,0.17479610443115234,35.945797119605544,0.5570312651207558
62,63,11.319446325302124,0.17250466346740723,36.42327796179679,0.4774808421912482
64,65,11.489367961883543,0.16992163658141912,36.97695851798694,0.5536805561901446
66,67,11.657084226608276,0.16771626472473322,37.46318413119894,0.48622561321200664
68,69,11.822725534439089,0.16564130783081232,37.93247825353621,0.4692941223372671
70,71,11.986271381378174,0.16354584693908514,38.418495026167456,0.48601677263124543
72,73,12.147891998291016,0.1616206169128418,38.87613738393265,0.45764235776519513
74,75,12.30756974220276,0.15967774391174494,39.34916133742689,0.4730239534942413
76,77,12.465511083602903,0.15794134140014293,39.78176487219514,0.43260353476824775
78,79,12.621783256530762,0.15627217292785822,40.206680367080885,0.4249154948857452
80,81,12.776405334472656,0.15462207794189453,40.63575778318505,0.42907741610416394
82,83,12.92935562133789,0.15295028686523438,41.0799184228778,0.444160639692754
84,85,13.081108808517456,0.15175318717956543,41.40397591613587,0.3240574932580671
86,87,13.231611251831056,0.1505024433136004,41.74806181775652,0.34408590162065167
88,89,13.38000202178955,0.14839076995849432,42.34215719034969,0.5940953725931664
90,91,13.52722430229187,0.14722228050231934,42.67822292754527,0.3360657371955824
92,93,13.674261808395386,0.14703750610351562,42.73185443417526,0.05363150662999061
94,95,13.822003364562988,0.14774155616760254,42.528219345759084,-0.20363508841617772
96,97,13.970794439315796,0.14879107475280762,42.228240622752985,-0.29997872300609885
98,99,14.120733261108398,0.14993882179260254,41.90499319696253,-0.3232474257904556
100,101,14.271568298339844,0.1508350372314453,41.65600660500716,-0.2489865919553722
102,103,14.423277616500854,0.15170931816101074,41.41594849507644,-0.24005810993071464
104,105,14.5761981010437,0.1529204845428449,41.08792439393022,-0.3280241011462195
106,107,14.730183601379396,0.1539855003356969,40.803746414317544,-0.28417797961267866
108,109,14.885194778442385,0.15501117706298828,40.53375650858025,-0.2699899057372974
110,111,15.041338205337524,0.15614342689513983,40.23983226267438,-0.2939242459058633
112,113,15.198517322540283,0.1571791172027588,39.974682508709904,-0.2651497539644794
114,115,15.35675859451294,0.15824127197265625,39.70636249856047,-0.26832001014943074
116,117,15.51602840423584,0.1592698097229004,39.449945461171524,-0.2564170373889496
118,119,15.67646598815918,0.16043758392333984,39.162801841878974,-0.28714361929255006
120,121,15.838037252426147,0.16157126426696777,38.888012269296475,-0.2747895725824989
122,123,16.000447511672974,0.16241025924682617,38.68712072942752,-0.20089153986895525
124,125,16.16392493247986,0.16347742080688477,38.4345757118464,-0.25254501758112013
126,127,16.328606605529785,0.16468167304992676,38.15351879061069,-0.28105692123570947
128,129,16.494304180145264,0.16569757461547852,37.919597325190104,-0.23392146542058612
130,131,16.661060571670532,0.16675639152526855,37.67882747827088,-0.2407698469192212
132,133,16.82901382446289,0.1679532527923584,37.410322233815414,-0.26850524445546853
134,135,16.997971773147583,0.16895794868469238,37.18786453134089,-0.22245770247452157
136,137,17.16804575920105,0.1700739860534668,36.943835168326785,-0.24402936301410705
138,139,17.339153051376343,0.17110729217529297,36.72073368294964,-0.2231014853771427
140,141,17.511364698410034,0.1722116470336914,36.485251813138674,-0.2354818698109682
142,143,17.686338901519775,0.1749742031097412,35.909209446371165,-0.5760423667675099
144,145,17.860987901687622,0.17464900016784668,35.97607373154797,0.06686428517680554
146,147,18.036811351776123,0.17582345008850098,35.735763938296834,-0.24030979325113577
148,149,18.21383619308472,0.1770248413085973,35.49324072674336,-0.24252321155347545
150,151,18.39203667640686,0.17820048332214,35.2590811766836,-0.23415955005975775
152,153,18.57145071029663,0.1794140338897705,35.02058992241314,-0.23849125427046403
154,155,18.752126932144165,0.18067622184753418,34.77593920732817,-0.2446507150849655
156,157,18.93406105041504,0.18193411827087402,34.53549761251937,-0.24044159480880012
158,159,19.117315530776978,0.18325448036193848,34.28666679674037,-0.24883081577900157
160,161,19.301833152771,0.1845176219940221,34.051952541330415,-0.23471425540995483
162,163,19.48769187927246,0.1858587265014613,33.806243190470724,-0.24570935085969126
164,165,19.67492747306824,0.18723559379577992,33.557643500373814,-0.24859969009690985
166,167,19.863529920578003,0.18860244750976207,33.3144420453736,-0.24320145500021084
168,169,20.05354595184326,0.1900160312652588,33.06660635600992,-0.24783568936368283
170,171,20.244987726211548,0.19144177436828613,32.82034617529353,-0.24626018071639066
172,173,20.43791675567627,0.19292902946472168,32.567340045260046,-0.2530061300334836
174,175,20.632279634475708,0.19436287879943848,32.32708501741814,-0.24025502784190422
176,177,20.82818984985352,0.19591021537781117,32.071759479527486,-0.2553255378906556
178,179,21.025649547576904,0.19745969772338512,31.82008976830045,-0.25166971122703785
180,181,21.22469687461853,0.19904732704162598,31.56628828211096,-0.25380148618948795
182,183,21.42532849311829,0.2006316184997594,31.31702447581621,-0.2492638062947492
184,185,21.627606868743896,0.2022783756256068,31.06207120631132,-0.2549532695048917
186,187,21.831557989120483,0.20395112037658691,30.807309592504108,-0.2547616138072115
188,189,22.03721618652344,0.20565819740295765,30.551591847654816,-0.2557177448492922
190,191,22.244678497314453,0.20746231079101207,30.285912092770317,-0.26567975488449846
192,193,22.453826904296875,0.20914840698242188,30.04175550668987,-0.24415658608044666
194,195,22.66484808921814,0.21102118492126465,29.77513992030678,-0.26661558638308946
196,197,22.877753257751465,0.2129051685333252,29.511661696442584,-0.2634782238641975
198,199,23.09253597259521,0.21478271484374645,29.25368231680365,-0.25797937963893247
200,201,23.309237718582157,0.21670174598694558,28.994622440919763,-0.2590598758838887
202,203,23.52794122695923,0.21870350837707164,28.729238747951886,-0.2653836929678768
204,205,23.748679876327515,0.22073864936828613,28.464364193406638,-0.2648745545452478
206,207,23.97151041030884,0.2228305339813268,28.197146930079686,-0.26721726332695184
208,209,24.19645357131958,0.22494316101073863,27.932324232251858,-0.2648226978278281
210,211,24.42357897758484,0.2271254062652588,27.663947466279843,-0.26837676597201465
212,213,24.652962923049927,0.2293839454650879,27.391565239843185,-0.2723822264366582
214,215,24.884592294692997,0.23162937164306996,27.126030099765075,-0.26553514007811074
216,217,25.1186683177948,0.2340760231018031,26.842498534960743,-0.2835315648043313
218,219,25.355107069015503,0.23643875122070312,26.57426193777586,-0.2682365971848846
220,221,25.5940158367157,0.2389087677001953,26.299517458749378,-0.2747444790264808
222,223,25.835404872894287,0.24138903617858887,26.029290338319445,-0.2702271204299329
224,225,26.079424619674683,0.2440197467803955,25.748675630067392,-0.2806147082520525
226,227,26.32613754272461,0.24671292304992676,25.467597033447948,-0.28107859661944445
228,229,26.57556462287903,0.24942708015441895,25.19046970878102,-0.27712732466692813
230,231,26.827811241149902,0.252246618270874,24.908898086524246,-0.2815716222567737
232,233,27.08297085762024,0.2551596164703369,24.624528732625784,-0.2843693538984624
234,235,27.341125965118408,0.25815510749816895,24.33879913541572,-0.2857295972100644
236,237,27.60232186317444,0.2611958980560303,24.055451689489214,-0.2833474459265055
238,239,27.86671471595764,0.2643928527832031,23.764580778330167,-0.29087091115904684
240,241,28.134401082992557,0.26768636703491566,23.472190148406174,-0.2923906299239931
242,243,28.405476808547974,0.27107572555541637,23.178708806573336,-0.2934813418328375
244,245,28.680004119873047,0.27452731132507324,22.88728679435301,-0.2914220122203268
246,247,28.958133459091187,0.27812933921813965,22.590875615073536,-0.2964111792794739
248,249,29.239988803863525,0.28185534477233887,22.292234026126636,-0.29864158894690007
250,251,29.52566790580749,0.2856791019439662,21.993856968970682,-0.2983770571559532
252,253,29.81534218788147,0.28967428207397816,21.690518268290596,-0.3033387006800865
254,255,30.109081745147705,0.29373955726623535,21.390327423571094,-0.3001908447195021
256,257,30.40706896781921,0.29798722267150524,21.085418531874556,-0.3049088916965381
258,259,30.70948886871338,0.3024199008941686,20.776361901455612,-0.3090566304189437
260,261,31.01648998260498,0.30700111389160156,20.466327393841652,-0.3100345076139597
262,263,31.328304529190063,0.311814546585083,20.1503918787353,-0.31593551510635365
264,265,31.645055770874023,0.31675124168395996,19.836339942271366,-0.31405193646393315
266,267,31.967007160186768,0.32195138931274414,19.51594407028972,-0.32039587198164554
268,269,32.29436659812927,0.3273594379425049,19.193536458487934,-0.32240761180178623
270,271,32.62747263908386,0.33310604095458984,18.862417772952163,-0.3311186855357704
272,273,32.96620035171509,0.3387277126312256,18.549368926362746,-0.31304884658941745
274,275,33.31124258041382,0.34504222869873047,18.209902396224305,-0.3394665301384414
276,277,33.66261410713196,0.35137152671813965,17.881885210977213,-0.32801718524709145
278,279,34.020812034606934,0.3581979274749756,17.541098999291506,-0.3407862116857068
280,281,34.386061906814575,0.3652498722076416,17.20242985768287,-0.33866914160863715
282,283,34.758716106414795,0.3726541996002197,16.860631958314528,-0.34179789936834126
284,285,35.13916730880737,0.3804512023925781,16.515088578156533,-0.345543380157995
286,287,35.52791094779968,0.38874363899230957,16.162799019597294,-0.3522895585592387
288,289,35.92533755302429,0.3974266052246094,15.809674603008988,-0.3531244165883063
290,291,36.33206987380981,0.40673232078551536,15.447961684099692,-0.361712918909296
292,293,36.74864935874939,0.4165794849395823,15.08280060428529,-0.3651610798144027
294,295,37.17575669288635,0.4271073341369629,14.711021808781963,-0.37177879550332626
296,297,37.614076137542725,0.43831944465637207,14.334717256510022,-0.37630455227194126
298,299,38.06433534622192,0.4502592086791921,13.954595899572885,-0.38012135693713667
300,301,38.52746081352234,0.46312546730042214,13.566918148130652,-0.38767775144223293
302,303,39.00433516502381,0.47687435150147195,13.175766923502055,-0.3911512246285973
304,305,39.49616742134094,0.49183225631713157,12.77505740316514,-0.400709520336914
306,307,40.00426745414734,0.5081000328063965,12.366039955706311,-0.4090174474588295
308,309,40.53006196022034,0.525794506072998,11.949887712039478,-0.4161522436668328
310,311,41.0752022266388,0.5451402664184641,11.525813986296962,-0.42407372574251667
312,313,41.64159274101257,0.5663905143737722,11.093380181563544,-0.4324338047334173
314,315,42.23119735717773,0.589604616165154,10.656608063970117,-0.4367721175934278
316,317,42.84681057929993,0.6156132221221995,10.20638459570378,-0.4502234682663371
318,319,43.49145030975342,0.6446397304534912,9.746816726234808,-0.4595678694689713
320,321,44.16889524459839,0.6774449348449707,9.274828084171087,-0.47198864206372093
322,323,44.88434600830078,0.7154507637023926,8.782135160027888,-0.4926929241431992
324,325,45.643598794937134,0.7592527866363525,8.27548534265564,-0.5066498173722476
326,327,46.45461344718933,0.8110146522521973,7.747314169640593,-0.5281711730150471
328,329,47.327468395233154,0.8728549480438232,7.198430072786993,-0.5488840968536
330,331,48.27605628967285,0.9485878944396973,6.62372495370171,-0.5747051190852837
332,333,49.32086706161499,1.0448107719421387,6.01370647768125,-0.6100184760204597
334,335,50.49286866188049,1.172001600265503,5.361072293549945,-0.6526341841313048
336,337,51.84396266937256,1.3510940074920654,4.650442731844095,-0.7106295617058507
338,339,53.47793507575989,1.633972406387329,3.8453435826811466,-0.805099149162948
340,341,55.64242815971375,2.1644930839538645,2.9028437899658868,-0.9424997927152599
342,343,59.71944546699524,4.077017307281487,1.5411230401102096,-1.3617207498556771
