,n,t,dt,w,dw
2,3,3.401242256164551,,,0.0
4,5,4.451399564743042,1.0501573085784912,5.983089634146908,0.0
6,7,5.273532867431641,0.8221333026885986,7.642538365289264,1.6594487311423558
8,9,5.978083372116089,0.7045505046844482,8.918005544533218,1.2754671792439538
10,11,6.6080615520477295,0.6299781799316406,9.973655449243305,1.0556499047100871
12,13,7.182178497314453,0.5741169452667236,10.944086146526367,0.9704306972830619
14,15,7.714057922363281,0.5318794250488281,11.81317609080812,0.8690899442817539
16,17,8.212751626968384,0.49869370460510254,12.599287396569428,0.7861113057613078
18,19,8.685301303863525,0.4725496768951416,13.296348753136106,0.6970613565666781
20,21,9.135590076446531,0.45028877258300604,13.95367970455303,0.6573309514169239
22,23,9.566589117050173,0.43099904060364125,14.578188615871605,0.6245089113185749
24,25,9.981094598770142,0.4145054817199689,15.158268308317265,0.5800796924456595
26,27,10.380557775497437,0.3994631767272949,15.72907259852135,0.5708042902040855
28,29,10.765913724899292,0.38535594940185547,16.304887252765308,0.575814654243958
30,31,11.138871192932127,0.37295746803283514,16.846921822802635,0.5420345700373268
32,33,11.50130319595337,0.362432003021242,17.33617686849616,0.4892550456935254
34,35,11.85411500930786,0.3528118133544904,17.808885840414042,0.4727089719178821
36,37,12.198197364807127,0.3440823554992676,18.260701854538894,0.4518160141248515
38,39,12.53395676612854,0.3357594013214129,18.71335629754972,0.45265444301082525
40,41,12.862052202224731,0.3280954360961914,19.15048067092733,0.43712437337761045
42,43,13.183172941207886,0.3211207389831543,19.566426407324617,0.41594573639728694
44,45,13.497842073440552,0.314669132232666,19.967593461101885,0.401167053777268
46,47,13.80653953552246,0.3086974620819074,20.353861236191356,0.38626777508947185
48,49,14.10961937904358,0.3030798435211217,20.731122314776137,0.3772610785847803
50,51,14.407287359237673,0.2976679801940918,21.10803218768337,0.376909872907234
52,53,14.70003604888916,0.2927486896514875,21.462727346993816,0.35469515931044526
54,55,14.988113641738892,0.28807759284973145,21.81073940886841,0.348012061874595
56,57,15.272727966308594,0.28461432456970215,22.07613870692876,0.26539929806034834
58,59,15.551472663879396,0.27874469757080256,22.541003871772755,0.46486516484399587
60,61,15.827134370803831,0.2756617069244349,22.793101650864944,0.252097779092189
62,63,16.099170446395874,0.2720360755920428,23.096882623031682,0.30378097216673794
64,65,16.3676016330719,0.2684311866760254,23.407061545210393,0.3101789221787108
66,67,16.632595539093018,0.26499390602111816,23.710678488881403,0.30361694367100966
68,69,16.8943133354187,0.2617177963256836,24.007482087159037,0.29680359827763425
70,71,17.152915716171265,0.2586023807525635,24.296703258859313,0.2892211717002766
72,73,17.40851855278015,0.2556028366088867,24.581829335461823,0.2851260766025092
74,75,17.661144733428955,0.2526261806488037,24.871473301155415,0.2896439656935925
76,77,17.910947799682617,0.2498030662536621,25.15255477608644,0.28108147493102464
78,79,18.15799212455749,0.24704432487487438,25.433433090851047,0.2808783147646068
80,81,18.402378797531128,0.24438667297363637,25.710016142563532,0.27658305171248543
82,83,18.644256353378296,0.24187755584716797,25.97671902700084,0.26670288443730783
84,85,18.883688926696777,0.23943257331848145,26.241982116702232,0.2652630897013921
86,87,19.120754957199097,0.23706603050231934,26.50394615317151,0.26196403646927635
88,89,19.3556125164032,0.23485755920410156,26.75317468372062,0.24922853054911087
90,91,19.5890429019928,0.23343038558960316,26.916741328723724,0.16356664500310458
92,93,19.824455738067627,0.23541283607482555,26.690070991636528,-0.22667033708719586
94,95,20.06234169006348,0.23788595199585316,26.41259500388285,-0.27747598775367877
96,97,20.30288004875183,0.24053835868835094,26.121344393641092,-0.29125061024175736
98,99,20.54603910446167,0.24315905570983887,25.839816201117742,-0.28152819252334993
100,101,20.791941165924072,0.24590206146240234,25.551576387009124,-0.28823981410861776
102,103,21.040640592575077,0.24869942665100453,25.264172868386495,-0.2874035186226287
104,105,21.29220724105835,0.2515666484832728,24.976225366365956,-0.28794750202053976
106,107,21.54676032066345,0.254553079605099,24.683202878264165,-0.29302248810179066
108,109,21.804367780685425,0.2576074600219762,24.390540967422197,-0.2926619108419679
110,111,22.06506323814392,0.2606954574584961,24.101629420143993,-0.2889115472782038
112,113,22.329006910324097,0.2639436721801758,23.80502345549886,-0.2966059646451349
114,115,22.59628534317017,0.2672784328460729,23.508014620835894,-0.29700883466296446
116,117,22.86701512336731,0.27072978019714,23.208327146737595,-0.2996874740982989
118,119,23.14129519462585,0.27428007125854137,22.907917729308675,-0.30040941742892
120,121,23.419261693954468,0.27796649932861683,22.604109928194962,-0.3038078011137131
122,123,23.70102906227112,0.28176736831665394,22.29919434857502,-0.30491557961994076
124,125,23.98668384552002,0.2856547832488978,21.99572937556903,-0.3034649730059904
126,127,24.27646493911743,0.2897810935974121,21.682523277066196,-0.3132060985028353
128,129,24.5703706741333,0.29390573501586914,21.378233081570635,-0.304290195495561
130,131,24.868751049041748,0.29838037490844727,21.05763594240228,-0.3205971391683562
132,133,25.17163872718811,0.3028876781463623,20.744275058107206,-0.31336088429507214
134,135,25.47924852371216,0.3076097965240514,20.425829665305592,-0.318445392801614
136,137,25.791739225387573,0.3124907016754115,20.106791253283497,-0.3190384120220955
138,139,26.109399557113647,0.3176603317260742,19.779571698608315,-0.3272195546751817
140,141,26.43246293067932,0.32306337356567383,19.448770183483244,-0.3308015151250707
142,143,26.761011123657227,0.3285481929779053,19.124090290163696,-0.32467989331954783
144,145,27.09548258781433,0.3344714641571045,18.78541514150909,-0.33867514865460535
146,147,27.43609642982483,0.34061384201049805,18.446652872627332,-0.33876226888175864
148,149,27.783149003982544,0.34705257415771484,18.104419258173404,-0.34223361445392797
150,151,28.136881589889526,0.3537325859069824,17.762528976710712,-0.3418902814626925
152,153,28.4976806640625,0.36079907417297363,17.4146381100948,-0.34789086661591284
154,155,28.86588454246521,0.36820387840270996,17.064419132238402,-0.35021897785639666
156,157,29.24185276031494,0.37596821784973145,16.712011837369925,-0.35240729486847755
158,159,29.626007080078125,0.3841543197631836,16.35588872475241,-0.3561231126175137
160,161,30.018771171569824,0.3927640914916992,15.997351701160738,-0.3585370235916727
162,163,30.420649766922,0.4018785953521764,15.634535851986522,-0.3628158491742166
164,165,30.832367420196533,0.4117176532745326,15.260908190861493,-0.3736276611250293
166,167,31.254230499267575,0.42186307907104137,14.893897140786533,-0.36701105007495904
168,169,31.687150239944454,0.4329197406768799,14.513510743020595,-0.38038639776593897
170,171,32.131866216659546,0.44471597671509144,14.128535146388336,-0.384975596632259
172,173,32.58910632133484,0.45724010467529297,13.741544634720006,-0.3869905116683299
174,175,33.0598521232605,0.4707458019256592,13.34729971351255,-0.3942449212074557
176,177,33.54511737823486,0.48526525497436523,12.947939797403182,-0.3993599161093684
178,179,34.04637384414673,0.5012564659118652,12.534871337269381,-0.4130684601338004
180,181,34.56492304801941,0.5185492038726807,12.116854601752115,-0.41801673551726637
182,183,35.10201287269592,0.5370898246765137,11.698574462779881,-0.41828013897223393
184,185,35.6597855091095,0.5577726364135742,11.264778687566817,-0.43379577521306345
186,187,36.240296363830566,0.5805108547210693,10.823544910626357,-0.44123377694046084
188,189,36.84573554992676,0.6054391860961914,10.377896659931956,-0.4456482506944006
190,191,37.47930598258972,0.6335704326629639,9.917106265156173,-0.460790394775783
192,193,38.14435911178589,0.665053129196167,9.44764415254149,-0.46946211261468385
194,195,38.846131563186646,0.7017724514007568,8.953308575505034,-0.4943355770364555
196,197,39.58995270729065,0.7438211441040039,8.447172222763605,-0.5061363527414287
198,199,40.38229250907898,0.7923398017883301,7.929912511018991,-0.5172597117446136
200,201,41.23330950737,0.8510169982910227,7.383149008535928,-0.5467635024830635
202,203,42.15513110160828,0.9218215942382812,6.816053503684194,-0.5670955048517339
204,205,43.16597628593445,1.0108451843261648,6.215774091428248,-0.6002794122559463
206,207,44.294413328170776,1.1284370422363281,5.5680424091073935,-0.6477316823208543
208,209,45.58080697059631,1.286393642425537,4.884341075669836,-0.6837013334375577
210,211,47.107282400131226,1.526475429534912,4.116139169756537,-0.7682019059132985
212,213,49.04524326324463,1.9379608631134033,3.242163155496043,-0.8739760142604944
214,215,51.99815058708191,2.9529073238372803,2.127796309914202,-1.114366845581841
