,n,t,dt,w,dw
2,3,2.3553285598754883,,,0.0
4,5,2.993032932281494,0.6377043724060059,9.85281829489995,0.0
6,7,3.5132205486297607,0.5201876163482666,12.078690667970422,2.2258723730704713
8,9,3.964646577835083,0.45142602920532227,13.918526847555356,1.8398361795849336
10,11,4.37013840675354,0.40549182891845703,15.495220517607798,1.5766936700524425
12,13,4.741900444030762,0.3717620372772217,16.901094456006106,1.405873938398308
14,15,5.087599992752075,0.3456995487213135,18.17527772431312,1.274183268307013
16,17,5.412183046340942,0.3245830535888672,19.357712110066526,1.1824343857534068
18,19,5.719087362289429,0.30690431594848633,20.472782494965678,1.115070384899152
20,21,6.011066675186157,0.2919793128967285,21.519282461637665,1.0464999666719876
22,23,6.290102005004883,0.2790353298187256,22.51752604683227,0.9982435851946043
24,25,6.557872772216797,0.26777076721191406,23.46479181652815,0.9472657696958819
26,27,6.8159263134002686,0.2580535411834717,24.348378551071107,0.8835867345429556
28,29,7.065179109573364,0.2492527961730957,25.208083534662435,0.8597049835913282
30,31,7.306569099426269,0.24138998985290439,26.029187502797303,0.8211039681348673
32,33,7.540823936462402,0.2342548370361337,26.822008828831176,0.7928213260338737
34,35,7.76850438117981,0.22768044471740723,27.596508408871742,0.7744995800405654
36,37,7.990103483200073,0.22159910202026367,28.353839207367518,0.7573307984957758
38,39,8.206175804138184,0.21607232093811035,29.079084631942656,0.7252454245751387
40,41,8.417222023010254,0.2110462188720703,29.77160804282525,0.6925234108825933
42,43,8.623388051986694,0.20616602897644043,30.47633666115573,0.7047286183304813
44,45,8.825236558914185,0.20184850692749023,31.128222857931203,0.6518861967754717
46,47,9.022969484329224,0.19773292541503906,31.776120714298113,0.6478978563669102
48,49,9.216946840286257,0.19397735595703303,32.391333906888306,0.6152131925901934
50,51,9.407345056533812,0.19039821624755504,33.00023199277357,0.6088980858852651
52,53,9.59434962272644,0.18700456619262873,33.5991010011351,0.5988690083615253
54,55,9.778234958648682,0.1838853359222412,34.169039503163695,0.5699385020285987
56,57,9.959119081497192,0.18088412284851074,34.73596912893075,0.5669296257670524
58,59,10.13723635673523,0.1781172752380371,35.27555257502505,0.539583446094305
60,61,10.312697887420654,0.1754615306854248,35.80947506062944,0.5339224856043856
62,63,10.48568081855774,0.17298293113708496,36.322573943439004,0.5130988828095653
64,65,10.656289100646973,0.1706082820892334,36.82813770959423,0.5055637661552268
66,67,10.824657917022703,0.16836881637573065,37.31798703839596,0.48984932880173204
68,69,10.990960121154783,0.16630220413208008,37.78173199790769,0.4637449595117289
70,71,11.155260801315308,0.16430068016052424,38.241992066258156,0.46026006835046473
72,73,11.31770157814026,0.16244077682495295,38.67985262069006,0.4378605544319072
74,75,11.478288888931274,0.16058731079101385,39.12628760161778,0.4464349809277195
76,77,11.637166976928713,0.1588780879974383,39.547211238348325,0.4209236367305422
78,79,11.79441499710083,0.15724802017211736,39.957166394224004,0.40995515587567866
80,81,11.95012664794922,0.15571165084839045,40.35141412312972,0.394247728905718
82,83,12.104347467422484,0.15422081947326305,40.74148567385151,0.39007155072178534
84,85,12.257135391235352,0.152787923812868,41.12357279542016,0.3820871215686523
86,87,12.408571720123293,0.15143632888794123,41.49060765880671,0.3670348633865501
88,89,12.558677911758425,0.15010619163513184,41.85826872786391,0.3676610690571991
90,91,12.707582235336304,0.14890432357787908,42.196124035937686,0.3378553080737774
92,93,12.855476140975952,0.14789390563964844,42.48440988832163,0.2882858523839431
94,95,13.004176139831545,0.1486999988555926,42.25410461019164,-0.2303052781299897
96,97,13.153898000717165,0.14972186088562012,41.965717431067866,-0.28838717912377376
98,99,13.30466604232788,0.150768041610716,41.674516960317156,-0.29120047075070943
100,101,13.45653223991394,0.15186619758605957,41.3731653722286,-0.3013515880885578
102,103,13.60949683189392,0.1529645919799787,41.07607666486623,-0.29708870736237003
104,105,13.76361918449402,0.1541223526001012,40.76751490734421,-0.3085617575220212
106,107,13.91885495185852,0.15523576736450018,40.47511352474846,-0.29240138259574877
108,109,14.075345993041992,0.15649104118347168,40.15044733335959,-0.32466619138887154
110,111,14.233075380325316,0.15772938728332342,39.83522294354276,-0.31522438981682654
112,113,14.391924858093262,0.1588494777679461,39.55433404923322,-0.2808888943095411
114,115,14.552025556564333,0.1601006984710711,39.245208591734574,-0.30912545749864506
116,117,14.713316202163696,0.16129064559936346,38.955670887365976,-0.28953770436859827
118,119,14.875880002975464,0.16256380081176758,38.65058073079184,-0.3050901565741384
120,121,15.039549112319946,0.16366910934448242,38.389561306618084,-0.2610194241737531
122,123,15.20434856414795,0.16479945182800293,38.12625125559999,-0.26331005101809524
124,125,15.370189428329468,0.16584086418151855,37.886834093570705,-0.23941716202928376
126,127,15.53723669052124,0.16704726219177246,37.613219305362854,-0.27361478820785123
128,129,15.705433130264282,0.168196439743042,37.35623249088131,-0.25698681448154304
130,131,15.8747820854187,0.16934895515441717,37.102002202791276,-0.2542302880900351
132,133,16.045334577560425,0.1705524921417254,36.8401846743957,-0.26181752839557504
134,135,16.217034816741943,0.17170023918151855,36.59392285724838,-0.24626181714732098
136,137,16.389888286590576,0.1728534698486328,36.34977829882009,-0.24414455842828886
138,139,16.563889741897583,0.17400145530700684,36.10995836841469,-0.23981993040540317
140,141,16.73905873298645,0.1751689910888672,35.86927839295475,-0.24067997545994047
142,143,16.915414571762085,0.17635583877563477,35.627883662946054,-0.24139473000869316
144,145,17.09296464920044,0.1775500774383545,35.38824312459741,-0.2396405383486453
146,147,17.271713256835938,0.17874860763549805,35.15096083988626,-0.23728228471114932
148,149,17.451709508895874,0.17999625205993652,34.90731187606819,-0.24364896381806744
150,151,17.632970809936523,0.18126130104064941,34.66368866993031,-0.24362320613788313
152,153,17.815535068511963,0.18256425857543945,34.416294603377914,-0.2473940665523955
154,155,17.999324083328247,0.18378901481628418,34.18694699169191,-0.22934761168600204
156,157,18.18452215194702,0.18519806861877441,33.926840350119235,-0.26010664157267627
158,159,18.370965719223022,0.18644356727600098,33.7001989340737,-0.22664141604553834
160,161,18.55880546569824,0.18783974647521617,33.44971139006833,-0.25048754400536666
162,163,18.74803733825684,0.18923187255860086,33.203631197137916,-0.24608019293041394
164,165,18.93868064880371,0.19064331054687145,32.95780633034489,-0.24582486679302917
166,167,19.130802392959595,0.1921217441558838,32.704186268897985,-0.2536200614469024
168,169,19.32433795928955,0.19353556632995605,32.4652746072909,-0.23891166160708366
170,171,19.51936960220337,0.19503164291381836,32.21623534164676,-0.24903926564414292
172,173,19.71594381332397,0.19657421112060192,31.96342628751406,-0.2528090541326975
174,175,19.91408133506775,0.19813752174377797,31.711233954488957,-0.25219233302510347
176,177,20.11380267143249,0.19972133636474254,31.459759991315465,-0.2514739631734919
178,179,20.315123558044437,0.20132088661194558,31.209803478020085,-0.2499565132953805
180,181,20.51811194419861,0.20298838615417125,30.953422637724003,-0.25638084029608166
182,183,20.722781658172607,0.20466971397399902,30.699145394700626,-0.2542772430233775
184,185,20.929174184799194,0.20639252662658691,30.442891561414722,-0.25625383328590345
186,187,21.13731455802917,0.20814037322997692,30.187249161109246,-0.2556424003054758
188,189,21.347276210784912,0.20996165275574086,29.92539458854964,-0.2618545725596064
190,191,21.559044122695923,0.21176791191101074,29.670148090329715,-0.2552464982199254
192,193,21.772703409194943,0.21365928649901988,29.407499248615196,-0.26264884171451897
194,195,21.98830389976501,0.21560049057006836,29.14272268382248,-0.26477656479271516
196,197,22.20584797859192,0.21754407882690785,28.882354974041352,-0.26036770978112855
198,199,22.42542290687561,0.2195749282836914,28.615221948571897,-0.2671330254694553
200,201,22.64704251289368,0.22161960601806996,28.35121594191121,-0.2640060066606864
202,203,22.870741367340088,0.22369885444640758,28.087695499061546,-0.26352044284966425
204,205,23.096628427505493,0.22588706016540527,27.815605296641333,-0.27209020242021253
206,207,23.3247172832489,0.2280888557434082,27.547094691237106,-0.2685106054042272
208,209,23.555079221725464,0.2303619384765625,27.275275372015724,-0.27181931922138247
210,211,23.78772521018982,0.23264598846435547,27.007494729023687,-0.26778064299203663
212,213,24.02273964881897,0.2350144386291504,26.735316110064062,-0.27217861895962514
214,215,24.260205268859863,0.23746562004089355,26.45934727771359,-0.27596883235047187
216,217,24.500144004821777,0.23993873596191406,26.18662335612591,-0.27272392158768
218,219,24.742671728134155,0.24252772331237793,25.90708073025856,-0.2795426258673501
220,221,24.98786759376526,0.24519586563110352,25.625168234413138,-0.2819124958454218
222,223,25.23575448989868,0.24788689613342285,25.346984472296267,-0.27818376211687124
224,225,25.486412286758423,0.2506577968597412,25.06678581674211,-0.28019865555415535
226,227,25.73992919921875,0.25351691246032715,24.78408736601682,-0.28269845072529165
228,229,25.996354579925537,0.2564253807067871,24.50297739584591,-0.28110997017090966
230,231,26.25581455230713,0.2594599723815918,24.21639549833455,-0.2865818975113612
232,233,26.51837944984436,0.26256489753723145,23.930027837360235,-0.28636766097431376
234,235,26.784175634384155,0.2657961845397949,23.63911023801348,-0.29091759934675565
236,237,27.05330538749695,0.26912975311279297,23.34630502390528,-0.29280521410819915
238,239,27.325855255126957,0.27254986763000844,23.053341987709672,-0.2929630361956086
240,241,27.60194396972656,0.27608871459960227,22.757849107638382,-0.29549288007128993
242,243,27.881664514541622,0.2797205448150635,22.46236618527144,-0.2954829223669435
244,245,28.165155172348022,0.28349065780640004,22.163641496329188,-0.2987246889422508
246,247,28.45253038406372,0.28737521171569824,21.864047597103028,-0.29959389922616
248,249,28.743916034698486,0.2913856506347656,21.563125340908364,-0.3009222561946636
250,251,29.03947234153748,0.2955563068389928,21.258843617241478,-0.304281723666886
252,253,29.339405298233032,0.2999329566955531,20.948632575770368,-0.3102110414711099
254,255,29.64380550384521,0.30440020561217906,20.641199287442912,-0.30743328832745576
256,257,29.95290589332581,0.3091003894805979,20.327328987639397,-0.313870299803515
258,259,30.26679015159607,0.3138842582702601,20.0175228340685,-0.30980615357089647
260,261,30.58568048477173,0.3188903331756592,19.703279320538464,-0.31424351353003743
262,263,30.90981912612915,0.3241386413574219,19.38425261754346,-0.3190267029950036
264,265,31.239426851272583,0.3296077251434326,19.06261543004001,-0.3216371875034483
266,267,31.57473874092102,0.3353118896484375,18.738331389821223,-0.32428404021878876
268,269,31.916088581085205,0.34134984016418457,18.406879300595133,-0.33145208922609015
270,271,32.26370167732239,0.3476130962371826,18.075226092438292,-0.3316532081568404
272,273,32.61798620223999,0.35428452491760254,17.734856775471336,-0.3403693169669566
274,275,32.97905659675598,0.3610703945159912,17.401552169908836,-0.33330460556249975
276,277,33.34745478630066,0.36839818954467773,17.055418526744926,-0.3461336431639097
278,279,33.72353553771973,0.3760807514190674,16.707011149789537,-0.3484073769553895
280,281,34.10748505592346,0.38394951820373535,16.364613078757756,-0.34239807103178066
282,283,34.49999809265137,0.3925130367279053,16.00758374691938,-0.35702933183837615
284,285,34.90161323547363,0.4016151428222656,15.644791834854203,-0.3627919120651768
286,287,35.31274390220642,0.4111306667327881,15.282696756997952,-0.3620950778562513
288,289,35.73402976989746,0.42128586769104004,14.914303538393339,-0.3683932186046128
290,291,36.1660680770874,0.4320383071899414,14.543120835850432,-0.37118270254290664
292,293,36.6096887588501,0.4436206817626953,14.163418356001337,-0.37970247984909555
294,295,37.06568169593811,0.4559929370880127,13.779128570070041,-0.3842897859312959
296,297,37.53484416007996,0.4691624641418528,13.392344416709015,-0.3867841533610257
298,299,38.0183744430542,0.48353028297423606,12.99439875519518,-0.3979456615138357
300,301,38.51733732223511,0.4989628791809082,12.592490482446292,-0.4019082727488872
302,303,39.03313589096069,0.5157985687255859,12.181471000789754,-0.41101948165653823
304,305,39.567424058914185,0.5342881679534912,11.75991849350953,-0.4215525072802251
306,307,40.12190318107605,0.5544791221618652,11.331689609307562,-0.4282288842019675
308,309,40.69896411895752,0.5770609378814697,10.888252686530263,-0.4434369227772983
310,311,41.30115079879761,0.6021866798400879,10.433949334196667,-0.4543033523335964
312,313,41.93095922470093,0.6298084259033203,9.97634367651997,-0.45760565767669625
314,315,42.592352628707886,0.661393404006958,9.49992133141002,-0.47642234510995074
316,317,43.2893590927124,0.6970064640045166,9.014529465165579,-0.4853918662444414
318,319,44.027424812316895,0.7380657196044922,8.513043134622972,-0.5014863305426065
320,321,44.81351375579834,0.7860889434814453,7.992969954967816,-0.5200731796551556
322,323,45.656107902526855,0.8425941467285156,7.456953423632116,-0.5360165313356999
324,325,46.56770706176758,0.9115991592407227,6.892486948334722,-0.5644664752973947
326,327,47.56411457061768,0.9964075088501048,6.305838977900358,-0.5866479704343641
328,329,48.66992497444153,1.1058104038238454,5.6819734065194165,-0.6238655713809411
330,331,49.926562786102295,1.2566378116607666,4.999997014951952,-0.6819763915674644
332,333,51.40044188499451,1.473879098892212,4.263026263078237,-0.7369707518737147
334,335,53.241615533828735,1.8411736488342285,3.4125978889377957,-0.8504283741404417
336,337,55.90945768356323,2.667842149734497,2.3551563228000156,-1.05744156613778
