,n,t,dt,w,dw
2,3,5.649616718292236,,,0.0
4,5,7.09510612487793,1.4454894065856934,4.346752925724121,0.0
6,7,8.325345754623413,1.2302396297454834,5.1072857313818405,0.7605328056577196
8,9,9.418465852737429,1.0931200981140154,5.747936862582717,0.6406511312008769
10,11,10.414710998535156,0.9962451457977277,6.30686667200614,0.5589298094234225
12,13,11.335191249847412,0.9204802513122559,6.825985998311366,0.5191193263052263
14,15,12.198169946670532,0.8629786968231201,7.280811600923465,0.4548256026120985
16,17,13.01484441757202,0.8166744709014875,7.69362277266226,0.4128111717387952
18,19,13.793787240982056,0.778942823410036,8.066298473196298,0.372675700534038
20,21,14.539638757705688,0.7458515167236328,8.424177153624738,0.3578786804284402
22,23,15.25715684890747,0.7175180912017822,8.756831896260318,0.3326547426355795
24,25,15.9499409198761,0.6927840709686297,9.06947138434437,0.3126394880840522
26,27,16.621006965637207,0.6710660457611066,9.362990940859408,0.29351955651503836
28,29,17.273425579071045,0.6524186134338379,9.630603998420053,0.267613057560645
30,31,17.908977508544922,0.635551929473877,9.886187132467581,0.2555831340475283
32,33,18.529210805892944,0.6202332973480225,10.130357937964742,0.24417080549716097
34,35,19.135294914245605,0.6060841083526611,10.366853742886127,0.23649580492138433
36,37,19.72842383384705,0.593128919601444,10.593287731445644,0.22643398855951702
38,39,20.31017303466797,0.5817492008209193,10.800505266381531,0.20721753493588757
40,41,20.88110637664795,0.5709333419799805,11.00511188467235,0.2046066182908195
42,43,21.441869735717773,0.5607633590698242,11.20470017442282,0.19958828975046927
44,45,21.993346214294437,0.5514764785766637,11.393387662509575,0.18868748808675484
46,47,22.536035299301147,0.5426890850067103,11.57787300458032,0.18448534207074552
48,49,23.070460081100464,0.5344247817993164,11.756912331095839,0.17903932651551813
50,51,23.597142934799194,0.5266828536987305,11.92973202574324,0.17281969464740143
52,53,24.116551876068115,0.5194089412689209,12.096798510687371,0.16706648494413123
54,55,24.629579067230225,0.5130271911621094,12.247275418183806,0.15047690749643472
56,57,25.136488437652588,0.5069093704223633,12.395086131361818,0.14781071317801242
58,59,25.637492895126343,0.5010044574737549,12.541176457514315,0.14609032615249617
60,61,26.13289523124695,0.49540233612060547,12.682994909515218,0.14181845200090315
62,63,26.62277579307556,0.4898805618286133,12.825953501249115,0.14295859173389758
64,65,27.10749387741089,0.48471808433532715,12.962555989210605,0.13660248796148977
66,67,27.58719277381897,0.47969889640808105,13.098185870818567,0.13562988160796152
68,69,28.062007427215576,0.47481465339660645,13.23292207229191,0.1347362014733431
70,71,28.53231739997864,0.4703099727630651,13.359668454968014,0.12674638267610483
72,73,28.998088598251343,0.4657711982727015,13.489853667381302,0.13018521241328784
74,75,29.4593985080719,0.46130990982055664,13.620312881688713,0.13045921430741103
76,77,29.91640901565552,0.4570105075836217,13.748448236783522,0.128135355094809
78,79,30.369184494018555,0.45277547836303356,13.877044158610007,0.12859592182648427
80,81,30.818039894104004,0.4488554000854492,13.998239312668284,0.12119515405827741
82,83,31.2631413936615,0.4451014995574951,14.116297773487883,0.11805846081959892
84,85,31.7044997215271,0.4413583278656006,14.236018469539106,0.11972069605122293
86,87,32.14239835739136,0.4378986358642578,14.348492533617488,0.11247406407838234
88,89,32.57702898979187,0.4346306324005127,14.456379368561448,0.1078868349439599
90,91,33.0130250453949,0.43599605560302734,14.411105849316218,-0.04527351924522982
92,93,33.46046304702759,0.44743800163269043,14.042583071291208,-0.3685227780250102
94,95,33.920756578445435,0.4602935314178467,13.650388020499504,-0.39219505079170425
96,97,34.39483308792114,0.474076509475708,13.25352592164565,-0.3968620988538536
98,99,34.88406443595886,0.4892313480377197,12.84297364095964,-0.41055228068601046
100,101,35.3895788192749,0.50551438331604,12.42929086599586,-0.4136827749637799
102,103,35.91292595863342,0.5233471393585205,12.005769850736247,-0.42352101525961316
104,105,36.4554979801178,0.542572021484375,11.580371007686635,-0.42539884304961184
106,107,37.01942300796509,0.56392502784729,11.141880563742353,-0.43849044394428205
108,109,37.60694742202759,0.5875244140625,10.694339089219858,-0.44754147452249526
110,111,38.2202205657959,0.6132731437683105,10.245329297435077,-0.4490097917847802
112,113,38.86302900314331,0.6428084373474121,9.774584374012777,-0.47074492342230023
114,115,39.53931283950806,0.6762838363647461,9.290751854951655,-0.48383251906112257
116,117,40.2536096572876,0.714296817779541,8.796322692170826,-0.49442916278082905
118,119,41.01239919662476,0.7587895393371653,8.280537595007193,-0.5157850971636329
120,121,41.82299566268921,0.810596466064446,7.751311003963894,-0.5292265910432983
122,123,42.695693016052246,0.8726973533630371,7.199729989974906,-0.5515810139889883
124,125,43.64507174491882,0.9493787288665771,6.618207377240076,-0.5815226127348305
126,127,44.69041252136231,1.0453407764434886,6.010657432264872,-0.6075499449752035
128,129,45.86488604545593,1.1744735240936208,5.3497888017769695,-0.6608686304879026
130,131,47.22102355957031,1.3561375141143799,4.633147628308767,-0.7166411734682026
132,133,48.85357046127319,1.6325469017028809,3.8487012536213854,-0.7844463746873815
134,135,51.01309585571289,2.1595253944396973,2.9095213806503066,-0.9391798729710787
136,137,54.86790299415589,3.8548071384430003,1.6299610023336824,-1.2795603783166243
