,n,t,dt,w,dw
2,3,3.1814935207366943,,,0.0
4,5,3.794813394546509,0.6133198738098145,10.244548685744938,0.0
6,7,4.3016767501831055,0.5068633556365967,12.396211399595458,2.15166271385052
8,9,4.745165109634399,0.44348835945129395,14.16764425328651,1.771432853691051
10,11,5.145135641098023,0.39997053146362394,15.70912057992708,1.54147632664057
12,13,5.512285470962524,0.36714982986450106,17.113409284428744,1.4042887045016652
14,15,5.853627443313599,0.3413419723510742,18.40730357272693,1.293894288298187
16,17,6.174232721328735,0.3206052780151367,19.597884807382798,1.1905812346558662
18,19,6.477535724639893,0.3033030033111572,20.71586907675192,1.1179842693691207
20,21,6.766542196273804,0.28900647163391113,21.740638787973552,1.0247697112216336
22,23,7.043125152587891,0.2765829563140869,22.71718182101003,0.9765430330364779
24,25,7.308861255645752,0.26573610305786133,23.644454911764424,0.9272730907543938
26,27,7.565042972564697,0.2561817169189453,24.526283072603327,0.8818281608389036
28,29,7.812639474868774,0.24759650230407715,25.376712710840753,0.8504296382374257
30,31,8.052446603775024,0.23980712890625,26.200994673665143,0.82428196282439
32,33,8.285189151763916,0.2327425479888916,26.996289941276537,0.7952952676113938
34,35,8.511441946029663,0.22625279426574707,27.770641806083596,0.7743518648070591
36,37,8.731666088104248,0.22022414207458496,28.53086518121893,0.7602233751353324
38,39,8.946486949920654,0.21482086181640625,29.248487572633547,0.7176223914146185
40,41,9.15629267692566,0.20980572700500488,29.947634875713863,0.6991473030803164
42,43,9.361343145370483,0.20505046844482422,30.642140712154923,0.6945058364410599
44,45,9.562103271484377,0.20076012611389338,31.296978283501712,0.6548375713467891
46,47,9.758748054504396,0.19664478302001953,31.95195524988793,0.6549769663862186
48,49,9.951603889465332,0.19285583496093572,32.579700315794376,0.6277450659064456
50,51,10.140780448913574,0.1891765594482422,33.21333956757278,0.6336392517784049
52,53,10.32668948173523,0.18590903282165527,33.79709534182301,0.5837557742502284
54,55,10.509475469589232,0.18278598785400213,34.374545778630456,0.577450436807446
56,57,10.689220666885376,0.17974519729614435,34.95606782098074,0.5815220423502865
58,59,10.866125106811523,0.17690443992614746,35.51739747064933,0.5613296496685862
60,61,11.040469884872437,0.17434477806091309,36.03885001353094,0.5214525428816117
62,63,11.212335348129272,0.17186546325683594,36.558743031402344,0.5198930178714036
64,65,11.381743431091309,0.16940808296203613,37.089052643300555,0.5303096118982111
66,67,11.548970937728882,0.16722750663757324,37.57267828430241,0.4836256410018578
68,69,11.713961124420166,0.16499018669128418,38.08217587471524,0.5094975904128276
70,71,11.876980781555176,0.16301965713500977,38.5425010554155,0.4603251807002593
72,73,12.038015365600586,0.16103458404541016,39.01761441137259,0.4751133559570917
74,75,12.197173595428469,0.15915822982788264,39.4776023456303,0.4599879342577111
76,77,12.354584693908691,0.15741109848022283,39.915770665745065,0.43816832011476237
78,79,12.510329723358154,0.1557450294494629,40.34276618258558,0.4269955168405133
80,81,12.664294481277466,0.15396475791931152,40.809243570352784,0.46647738776720615
82,83,12.816715478897097,0.15242099761963068,41.222570415523634,0.4133268451708503
84,85,12.967651844024658,0.1509363651275617,41.62804173712175,0.40547132159811383
86,87,13.117127656936646,0.1494758129119873,42.03479603003853,0.40675429291678
88,89,13.265252590179443,0.14812493324279785,42.4181477731406,0.3833517431020752
90,91,13.412079334259031,0.14682674407958807,42.793193750681816,0.3750459775412125
92,93,13.558053970336914,0.14597463607788264,43.0429934679014,0.24979971721958094
94,95,13.704723596572876,0.14666962623596191,42.839035377858025,-0.20395809004337195
96,97,13.852355480194092,0.14763188362121582,42.55981264386337,-0.2792227339946578
98,99,14.00093674659729,0.14858126640319824,42.28787019575665,-0.27194244810671364
100,101,14.15049695968628,0.14956021308898926,42.01107485345084,-0.27679534230581027
102,103,14.301125049591064,0.15062808990478516,41.71323762487665,-0.2978372285741955
104,105,14.452695846557615,0.15157079696655096,41.453798706133185,-0.2594389187434629
106,107,14.605303287506104,0.1526074409484881,41.17220803997653,-0.28159066615665296
108,109,14.75896167755127,0.15365839004516602,40.89061004304887,-0.2815979969276583
110,111,14.91360640525818,0.15464472770691096,40.6298061391898,-0.2608039038590704
112,113,15.0692720413208,0.1556656360626203,40.36334200730097,-0.26646413188883145
114,115,15.225932121276855,0.1566600799560547,40.10712434809242,-0.2562176592085521
116,117,15.383641481399536,0.15770936012268066,39.84028152984676,-0.2668428182456566
118,119,15.542360544204712,0.15871906280517578,39.58683472628653,-0.2534468035602302
120,121,15.702120304107666,0.1597597599029541,39.32896062810998,-0.2578740981765506
122,123,15.862874746322632,0.16075444221496582,39.08560920996209,-0.24335141814789552
124,125,16.024630069732666,0.16175532341003418,38.84376213852521,-0.24184707143687945
126,127,16.18740963935852,0.1627795696258545,38.59934831884222,-0.2444138196829897
128,129,16.351214170455933,0.1638045310974121,38.35782359062503,-0.24152472821718618
130,131,16.51607036590576,0.1648561954498291,38.11312817231522,-0.24469541830981
132,133,16.681982040405273,0.16591167449951172,37.870664171966254,-0.2424640003489671
134,135,16.848971605300903,0.16698956489562988,37.626215213547255,-0.2444489584189995
136,137,17.017008543014526,0.16803693771362305,37.39169133091264,-0.23452388263461188
138,139,17.186188459396362,0.16917991638183594,37.13907325145234,-0.252618079460305
140,141,17.35639238357544,0.17020392417907715,36.915631278682156,-0.22344197277018196
142,143,17.5277099609375,0.17131757736206055,36.675660512644164,-0.23997076603799172
144,145,17.700168132781982,0.17245817184448242,36.4330970227701,-0.2425634898740654
146,147,17.8737735748291,0.17360544204711914,36.192329186744246,-0.24076783602585294
148,149,18.048508882522583,0.17473530769348145,35.95830396339516,-0.23402522334908582
150,151,18.224440574646,0.17593169212341664,35.7137774970749,-0.24452646632025932
152,153,18.40155005455017,0.17710947990417125,35.47627891279018,-0.23749858428472237
154,155,18.579872846603397,0.1783227920532262,35.2348975407707,-0.2413813720194753
156,157,18.75942301750183,0.17955017089843395,34.994036907566034,-0.24086063320466877
158,159,18.94025659561157,0.18083357810973766,34.745678169165444,-0.24835873840059008
160,161,19.122354745864868,0.18209815025329945,34.50438842151688,-0.24128974764856537
162,163,19.30574131011963,0.18338656425476074,34.26197187734528,-0.24241654417159708
164,165,19.49042582511902,0.18468451499938965,34.02118097015525,-0.24079090719003204
166,167,19.676486015319824,0.18606019020080566,33.7696382036289,-0.25154276652634877
168,169,19.86393904685974,0.187453031539917,33.51871802532903,-0.25092017829987157
170,171,20.05274748802185,0.18880844116210938,33.278095346303374,-0.24062267902565537
172,173,20.243019819259644,0.19027233123779297,33.02206509115175,-0.2560302551516216
174,175,20.43472123146057,0.19170141220092773,32.775894736727345,-0.24617035442440738
176,177,20.627903938293457,0.19318270683288574,32.52457432752978,-0.25132040919756804
178,179,20.82254767417908,0.19464373588562367,32.28043932979022,-0.2441349977395575
180,181,21.018744945526123,0.19619727134704235,32.02483533048537,-0.2556039993048529
182,183,21.21651840209961,0.19777345657348633,31.769608601875017,-0.25522672861034934
184,185,21.41589736938477,0.1993789672851598,31.513781983799337,-0.2558266180756803
186,187,21.61688804626465,0.20099067687987926,31.261078397853698,-0.252703585945639
188,189,21.819502115249637,0.2026140689849889,31.010607203417297,-0.2504711944364004
190,191,22.023833513259888,0.20433139801025035,30.749974641021094,-0.2606325623962036
192,193,22.22987675666809,0.20604324340820312,30.494498160910993,-0.2554764801101008
194,195,22.43768882751465,0.20781207084655762,30.234939104278055,-0.25955905663293777
196,197,22.647300481796265,0.2096116542816162,29.97536243255844,-0.2595766717196142
198,199,22.85872840881348,0.21142792701721547,29.71785892157936,-0.2575035109790811
200,201,23.072052240371704,0.213323831558224,29.45374298447603,-0.26411593710333037
202,203,23.287348747253414,0.21529650688171031,29.18387018063297,-0.2698728038430609
204,205,23.504554986953732,0.21720623970031738,28.92727812906567,-0.25659205156729925
206,207,23.723788022994995,0.21923303604126332,28.65984716827525,-0.2674309607904206
208,209,23.94507336616516,0.22128534317016602,28.39404190610078,-0.2658052621744673
210,211,24.16846799850464,0.22339463233947754,28.125945737279217,-0.2680961688215646
212,213,24.394031286239624,0.22556328773498535,27.855531679258508,-0.27041405802070884
214,215,24.62186169624329,0.22783041000366566,27.5783435015479,-0.27718817771060955
216,217,24.8519139289856,0.23005223274230957,27.31199446439464,-0.2663490371532582
218,219,25.0842969417572,0.23238301277159934,27.03805769725129,-0.2739367671433506
220,221,25.31911993026733,0.23482298851013184,26.757113292204302,-0.2809444050469878
222,223,25.556294679641724,0.2371747493743932,26.491796971444195,-0.2653163207601068
224,225,25.7959566116333,0.23966193199157715,26.216868298468057,-0.274928672976138
226,227,26.038240909576416,0.24228429794311523,25.933109823958898,-0.2837584745091597
228,229,26.28306770324707,0.2448267936706543,25.6637977117482,-0.26931211221069873
230,231,26.53068470954895,0.24761700630187988,25.374611384807316,-0.2891863269408823
232,233,26.781121253967285,0.25043654441833496,25.088931496690872,-0.2856798881164444
234,235,27.03438711166382,0.2532658576965332,24.808655080181353,-0.28027641650951907
236,237,27.290592908859253,0.25620579719543457,24.523977895733378,-0.2846771844479754
238,239,27.54986810684204,0.2592751979827881,24.233653492752104,-0.29032440298127327
240,241,27.812252283096317,0.262384176254276,23.946510025400933,-0.28714346735117147
242,243,28.07788610458374,0.2656338214874232,23.653559143925023,-0.2929508814759103
244,245,28.346875190734863,0.26898908615112305,23.35851389765894,-0.2950452462660813
246,247,28.61928415298462,0.27240896224975586,23.06526648495104,-0.29324741270790255
248,249,28.89527368545532,0.2759895324706996,22.76602757695762,-0.2992389079934199
250,251,29.174957513809204,0.2796838283538854,22.465315010024245,-0.3007125669333739
252,253,29.45842146873474,0.2834639549255371,22.165729356418915,-0.2995856536053303
254,255,29.74580430984497,0.2873828411102295,21.86346715380125,-0.30226220261766557
256,257,30.03722906112671,0.2914247512817383,21.56023220246397,-0.30323495133728073
258,259,30.332911729812626,0.29568266868591664,21.249758516802963,-0.3104736856610053
260,261,30.63301420211792,0.3001024723052943,20.93679955021397,-0.3129589665889938
262,263,30.937642097473145,0.3046278953552246,20.625771319638357,-0.31102823057561224
264,265,31.24703001976013,0.30938792228698375,20.308437578088114,-0.3173337415502431
266,267,31.56135606765747,0.3143260478973424,19.989387927632546,-0.3190496504555682
268,269,31.88074350357056,0.3193874359130895,19.672612634923258,-0.3167752927092877
270,271,32.20550894737244,0.32476544380187633,19.346840703325114,-0.325771931598144
272,273,32.53586316108704,0.3303542137146067,19.01954037918716,-0.32730032413795485
274,275,32.871962785720825,0.33609962463378196,18.694413342549304,-0.3251270366378556
276,277,33.214253187179565,0.34229040145874023,18.356300031793218,-0.33811331075608564
278,279,33.56265687942505,0.3484036922454834,18.034209874998933,-0.3220901567942853
280,281,33.917765378952026,0.35510849952697754,17.693705770346547,-0.34050410465238556
282,283,34.27994680404663,0.3621814250946045,17.348171032068723,-0.34553473827782355
284,285,34.649375200271606,0.3694283962249756,17.00785692541413,-0.34031410665459205
286,287,35.02647161483765,0.37709641456604004,16.66201285528061,-0.3458440701335199
288,289,35.411677837371826,0.3852062225341797,16.311224844302906,-0.3507880109777055
290,291,35.80545377731323,0.39377593994140625,15.95624483332964,-0.35498001097326615
292,293,36.20834612846375,0.4028923511505198,15.59519630798898,-0.3610485253406601
294,295,36.620890617370605,0.41254448890685325,15.230321761971814,-0.36487454601716607
296,297,37.04374313354492,0.4228525161743164,14.859046752341921,-0.37127500962989224
298,299,37.477548360824585,0.4338052272796631,14.483885652048581,-0.37516110029334016
300,301,37.92280888557434,0.44526052474975586,14.111256125188383,-0.372629526860198
302,303,38.380532026290894,0.45772314071655273,13.727043158323688,-0.38421296686469475
304,305,38.851529121398926,0.4709970951080322,13.340178469122867,-0.38686468920082184
306,307,39.336894512176514,0.4853653907775879,12.94526850609085,-0.394909963032017
308,309,39.83795690536499,0.5010623931884766,12.539726374587728,-0.4055421315031218
310,311,40.3557276725769,0.517770767211907,12.13507155109064,-0.40465482349708815
312,313,40.89200019836426,0.5362725257873606,11.716403516951669,-0.418668034138971
314,315,41.44866156578064,0.5566613674163818,11.287266684845713,-0.42913683210595543
316,317,42.02770066261292,0.5790390968322825,10.851055380461638,-0.4362113043840754
318,319,42.631548166275024,0.6038475036621023,10.405251771472914,-0.44580360898872406
320,321,43.26306366920471,0.6315155029296875,9.949376187965337,-0.4558755835075772
322,323,43.92593336105347,0.6628696918487549,9.478763902533657,-0.4706122854316792
324,325,44.624919176101685,0.6989858150482178,8.98900259763663,-0.4897613048970282
326,327,45.36499571800232,0.7400765419006348,8.489912801510183,-0.4990897961264462
328,329,46.15357327461243,0.7885775566101074,7.9677455368998675,-0.5221672646103155
330,331,46.99973773956299,0.8461644649505615,7.425489449674173,-0.5422560872256943
332,333,47.915167570114136,0.9154298305511475,6.863644921202432,-0.5618445284717408
334,335,48.91896224021912,1.0037946701049876,6.259432824566027,-0.6042120966364051
336,337,50.03616857528687,1.117206335067749,5.624015108004704,-0.6354177165613235
338,339,51.31103658676148,1.2748680114746094,4.9284986764331595,-0.6955164315715443
340,341,52.823792457580566,1.5127558708190847,4.153469458213071,-0.7750292182200882
342,343,54.73869109153748,1.9148986339569163,3.28121039712484,-0.8722590610882315
344,345,57.670360803604126,2.9316697120666433,2.143210499231284,-1.1379998978935557
