,n,t,dt,w,dw
2,3,3.69824743270874,,,0.0
4,5,4.670557498931885,0.972310066223145,6.462121010004638,0.0
6,7,5.457330703735352,0.7867732048034668,7.986018421597243,1.5238974115926052
8,9,6.140162706375122,0.6828320026397705,9.201656165629798,1.2156377440325548
10,11,6.752816915512085,0.6126542091369629,10.25567965334086,1.0540234877110617
12,13,7.313891887664795,0.56107497215271,11.198477242840672,0.9427975894998131
14,15,7.835526943206787,0.5216350555419922,12.04517457257775,0.8466973297370775
16,17,8.326028823852539,0.49050188064575195,12.809706863728419,0.7645322911506689
18,19,8.791561365127563,0.4655325412750244,13.496769291295676,0.6870624275672572
20,21,9.236115217208862,0.44455385208129883,14.133687691070854,0.636918399775178
22,23,9.662535190582275,0.4264199733734131,14.734735001911938,0.6010473108410839
24,25,10.07287859916687,0.4103434085845947,15.31201714401188,0.5772821420999428
26,27,10.468558073043823,0.3956794738769531,15.879482566066864,0.5674654220549833
28,29,10.850854396820068,0.3822963237762451,16.435379877879974,0.5558973118131103
30,31,11.221320867538452,0.3704664707183838,16.960199650445162,0.5248197725651877
32,33,11.58190631866455,0.36058545112609863,17.424955132153467,0.4647554817083055
34,35,11.933389902114868,0.3514835834503174,17.87618427438652,0.45122914223305344
36,37,12.275753259658812,0.34236335754394354,18.35238838716295,0.47620411277642916
38,39,12.610013008117676,0.3342597484588641,18.797313574693938,0.44492518753098764
40,41,12.936855792999268,0.3268427848815918,19.22387642565171,0.42656285095777235
42,43,13.256808519363403,0.31995272636413574,19.637855187483982,0.4139787618322721
44,45,13.570400953292848,0.31359243392944514,20.03615083581141,0.3982956483274265
46,47,13.878084659576416,0.30768370628356756,20.42092310662975,0.38477227081834187
48,49,14.180229425430298,0.30214476585388184,20.795280995263557,0.37435788863380637
50,51,14.477096557617188,0.29686713218688965,21.16497458271693,0.3696935874533729
52,53,14.769227027893066,0.2921304702758789,21.508147716484153,0.34317313376722325
54,55,15.0567786693573,0.2875516414642334,21.850632725256446,0.34248500877229304
56,57,15.340006828308104,0.2832281589508039,22.18418299386313,0.33355026860668247
58,59,15.619123697280884,0.2791168689727801,22.510947941997486,0.3267649481343575
60,61,15.894322633743286,0.27519893646240234,22.83143019354653,0.32048225154904486
62,63,16.165777444839478,0.2714548110961914,23.146339833900043,0.31490964035351254
64,65,16.433666467666626,0.26788902282714844,23.454433634011654,0.30809380011161025
66,67,16.698036193847656,0.2643697261810303,23.76665966237413,0.3122260283624776
68,69,16.959157943725586,0.2611217498779297,24.06228247978913,0.29562281741499774
70,71,17.217095375061035,0.2579374313354492,24.35933890885447,0.29705642906533924
72,73,17.47197961807251,0.2548842430114746,24.651132737525575,0.29179382867110704
74,75,17.723950624465942,0.2519710063934326,24.936144031464057,0.28501129393848146
76,77,17.973079919815063,0.2491292953491211,25.220579933702897,0.2844359022388403
78,79,18.219465494155884,0.2463855743408203,25.501433369180045,0.28085343547714814
80,81,18.463287353515625,0.2438218593597412,25.76957342413343,0.2681400549533848
82,83,18.70461845397949,0.24133110046386363,26.035539120745923,0.2659656966124935
84,85,18.94350862503052,0.2388901710510325,26.301564771525705,0.26602565077978113
86,87,19.18013286590576,0.2366242408752406,26.553430383712787,0.2518656121870819
88,89,19.41682004928589,0.23668718338012695,26.546368998310296,-0.007061385402490572
90,91,19.6559476852417,0.23912763595581055,26.275446089972988,-0.27092290833730814
92,93,19.89769148826599,0.241743803024292,25.991091513308454,-0.28435457666453345
94,95,20.14210605621338,0.2444145679473877,25.70708186482606,-0.28400964848239596
96,97,20.38928747177124,0.24718141555786133,25.419327310668265,-0.28775455415779305
98,99,20.63931703567505,0.2500295639038086,25.12976949236633,-0.2895578183019367
100,101,20.89226007461548,0.2529430389404297,24.840317146103917,-0.28945234626241145
102,103,21.148165464401245,0.2559053897857666,24.55276660034245,-0.28755054576146577
104,105,21.40720009803772,0.2590346336364746,24.25615918216294,-0.2966074181795122
106,107,21.66939878463745,0.26219868659973145,23.963450727620927,-0.2927084545420122
108,109,21.934873580932617,0.265474796295166,23.66772814167141,-0.29572258594951606
110,111,22.203726530075077,0.2688529491424596,23.370341769434177,-0.2973863722372343
112,113,22.47605061531067,0.27232408523559215,23.07245538617672,-0.2978863832574561
114,115,22.751969814300537,0.27591919898986816,22.771830775756587,-0.3006246104201331
116,117,23.031608819961548,0.27963900566101074,22.468915923683078,-0.3029148520735099
118,119,23.315057039260864,0.2834482192993164,22.166959886753254,-0.3019560369298233
120,121,23.602447986602783,0.28739094734191895,21.862850466560673,-0.3041094201925816
122,123,23.8939790725708,0.2915310859680176,21.5523682022331,-0.31048226432757176
124,125,24.18975281715393,0.2957737445831299,21.243215201657765,-0.30915300057533557
126,127,24.489946126937863,0.300193309783932,20.93046414559335,-0.312751056064414
128,129,24.79474282264709,0.3047966957092285,20.61434850059415,-0.31611564499920064
130,131,25.104297637939453,0.30955481529236195,20.297488511833915,-0.31685998876023547
132,133,25.418692111968998,0.31439447402954457,19.98503735338916,-0.31245115844475535
134,135,25.73822522163391,0.31953310966491344,19.663643976577603,-0.32139337681155666
136,137,26.063042402267456,0.3248171806335449,19.343759141448263,-0.31988483512933996
138,139,26.393451690673828,0.33040928840637207,19.016370082949557,-0.3273890584987065
140,141,26.72972798347473,0.3362762928009033,18.684591931372417,-0.3317781515771401
142,143,27.072225093841556,0.34249711036682484,18.345221366831687,-0.33937056454072945
144,145,27.421146154403687,0.34892106056213024,18.00746936013849,-0.33775200669319716
146,147,27.77689099311829,0.35574483871460316,17.662056123940793,-0.3454132361976967
148,149,28.13969731330872,0.3628063201904297,17.318290662306186,-0.3437654616346073
150,151,28.509885787963867,0.3701884746551478,16.97293605110948,-0.34535461119670785
152,153,28.887889623641968,0.3780038356781006,16.622014683814488,-0.35092136729499046
154,155,29.2741539478302,0.3862643241882324,16.266543177095734,-0.3554715067187537
156,157,29.669220209121704,0.3950662612915039,15.904130326490902,-0.36241285060483186
158,159,30.07351517677307,0.4042949676513672,15.541092048906533,-0.36303827758436924
160,161,30.487791061401367,0.4142758846282959,15.166669218067327,-0.37442283083920636
162,163,30.91256737709045,0.42477631568908336,14.79175056402765,-0.3749186540396767
164,165,31.348564624786377,0.4359972476959264,14.411066446826773,-0.380684117200877
166,167,31.79645800590515,0.4478933811187744,14.028305780016389,-0.382760666810384
168,169,32.25713610649109,0.4606781005859375,13.638992822076823,-0.3893129579395662
170,171,32.731743812561035,0.4746077060699463,13.238692138415445,-0.40030068366137783
172,173,33.221354722976685,0.4896109104156494,12.833017348092897,-0.40567479032254816
174,175,33.72717332839966,0.5058186054229736,12.421815330271384,-0.41120201782151256
176,177,34.25070881843567,0.5235354900360107,12.00145057357507,-0.4203647566963138
178,179,34.79360222816467,0.5428934097290039,11.573515527322323,-0.42793504625274714
180,181,35.357736349105835,0.5641341209411621,11.137750889269306,-0.43576463805301735
182,183,35.94560790061951,0.5878715515136719,10.688024094721754,-0.4497267945475514
184,185,36.55956625938416,0.6139583587646555,10.23389488469865,-0.4541292100231047
186,187,37.20287489891052,0.6433086395263601,9.766984183215104,-0.4669107014835454
188,189,37.87974739074707,0.6768724918365479,9.282671969917871,-0.4843122132972333
190,191,38.59471678733826,0.7149693965911865,8.788047904059114,-0.4946240658587566
192,193,39.35414862632752,0.7594318389892649,8.273534219400043,-0.5145136846590717
194,195,40.16592264175415,0.8117740154266286,7.740067047942465,-0.5334671714575778
196,197,41.040701150894165,0.8747785091400146,7.1826013574070515,-0.5574656905354134
198,199,41.99334025382996,0.9526391029357981,6.595556793560503,-0.5870445638465487
200,201,43.04438138008118,1.0510411262512136,5.978058470071528,-0.6174983234889746
202,203,44.22657084465027,1.1821894645690918,5.314871681308553,-0.6631867887629754
204,205,45.59723472595215,1.3706638813018799,4.584045288485832,-0.7308263928227205
206,207,47.26677203178406,1.6695373058319092,3.763429116097981,-0.8206161723878513
208,209,49.52405071258545,2.2572786808013916,2.7835221944987736,-0.9799069215992073
210,211,54.32351899147034,4.799468278884888,1.309141959500444,-1.4743802349983295
